#####################################################################
# Alchemist log file - simulation started at: 2024-06-12T10:23+0000 #
#####################################################################
#
# seed = 5.0, NumberOfHerds = 2, intrinsicForwardCoefficient = 0.2947051702551811, intrinsicLateralMultiplier = 0.5
#
# The columns have the following meaning: 
# time node-0 node-1 node-2 node-3 node-4 node-5 node-6 node-7 node-8 node-9 node-10 node-11 node-12 node-13 node-14 node-15 node-16 node-17 node-18 node-19 node-20 node-21 node-22 node-23 node-24 node-25 node-26 node-27 node-28 node-29 node-30 node-31 node-32 node-33 node-34 node-35 node-36 node-37 node-38 node-39 node-40 node-41 node-42 node-43 node-44 node-45 node-46 node-47 node-48 node-49 node-50 node-51 node-52 node-53 node-54 node-55 node-56 node-57 node-58 node-59 node-60 node-61 node-62 node-63 node-64 node-65 node-66 node-67 node-68 node-69 node-70 node-71 node-72 node-73 node-74 node-75 node-76 node-77 node-78 node-79 node-80 node-81 node-82 node-83 node-84 node-85 node-86 node-87 node-88 node-89 node-90 node-91 node-92 node-93 node-94 node-95 node-96 node-97 node-98 node-99 node-100 node-101 node-102 node-103 node-104 node-105 node-106 node-107 node-108 node-109 node-110 node-111 node-112 node-113 node-114 node-115 node-116 node-117 node-118 node-119 node-120 node-121 node-122 node-123 node-124 node-125 node-126 node-127 node-128 node-129 node-130 node-131 node-132 node-133 node-134 node-135 node-136 node-137 node-138 node-139 
0.0 0.0 0.0 0.0 0.0 0.0 0.0 0.0 0.0 0.0 0.0 0.0 0.0 0.0 0.0 0.0 0.0 0.0 0.0 0.0 0.0 0.0 0.0 0.0 0.0 0.0 0.0 0.0 0.0 0.0 0.0 0.0 0.0 0.0 0.0 0.0 0.0 0.0 0.0 0.0 0.0 0.0 0.0 0.0 0.0 0.0 0.0 0.0 0.0 0.0 0.0 0.0 0.0 0.0 0.0 0.0 0.0 0.0 0.0 0.0 0.0 0.0 0.0 0.0 0.0 0.0 0.0 0.0 0.0 0.0 0.0 0.0 0.0 0.0 0.0 0.0 0.0 0.0 0.0 0.0 0.0 0.0 0.0 0.0 0.0 0.0 0.0 0.0 0.0 0.0 0.0 0.0 0.0 0.0 0.0 0.0 0.0 0.0 0.0 0.0 0.0 0.0 0.0 0.0 0.0 0.0 0.0 0.0 0.0 0.0 0.0 0.0 0.0 0.0 0.0 0.0 0.0 0.0 0.0 0.0 0.0 0.0 0.0 0.0 0.0 0.0 0.0 0.0 0.0 0.0 0.0 0.0 0.0 0.0 0.0 0.0 0.0 0.0 0.0 0.0 0.0
0.005246120607406812 0.0 0.0 0.0 0.0 0.0 0.0 0.0 0.0 0.0 0.0 0.0 0.0 0.0 0.0 0.0 0.0 0.0 0.0 0.0 0.0 0.0 0.0 0.0 0.0 0.0 0.0 0.0 0.0 0.0 0.0 0.0 0.0 0.0 0.0 0.0 0.0 0.0 0.0 0.0 0.0 0.0 0.0 0.0 0.0 0.0 0.0 0.0 0.0 0.0 0.0 0.0 0.0 0.0 0.0 0.0 0.0 0.0 0.0 0.0 0.0 0.0 0.0 0.0 0.0 0.0 0.0 0.0 0.0 0.0 0.0 0.0 0.0 0.0 0.0 0.0 0.0 0.0 0.0 0.0 0.0 0.0 0.0 0.0 0.0 0.0 0.0 0.0 0.0 0.0 0.0 0.0 0.0 0.0 0.0 0.0 0.0 0.0 0.0 0.0 0.0 0.0 0.0 0.0 0.0 0.0 0.0 0.0 0.0 0.0 0.0 0.0 0.0 0.0 0.0 0.0 0.0 0.0 0.0 0.0 0.0 0.0 0.0 0.0 0.0 0.0 0.0 0.0 0.0 0.0 0.0 0.0 0.0 0.0 0.0 0.0 0.0 0.0 0.0 0.0 0.0
10.005246120607406 2.1218772258375256 2.372330858440446 1.0609386129187253 0.0 1.0609386129187253 1.0609386129186715 1.9126342844987843 1.0609386129186715 0.0 3.0007875504696093 1.0609386129187253 2.121877225837307 2.3723308584402796 4.374361963360008 2.1218772258375256 1.5003937752347754 1.5003937752347294 4.374361963360008 1.0609386129187253 2.121877225837307 2.1218772258375256 2.372330858440364 1.5003937752347294 2.121877225837271 1.0609386129187253 2.3723308584405443 4.374361963359992 4.374361963359763 2.1218772258375256 2.121877225837307 4.374361963359992 4.374361963359763 2.3723308584404936 2.121877225837307 2.1218772258375256 2.121877225837307 2.1218772258375256 4.374361963359763 4.374361963359736 2.121877225837307 2.1218772258375256 2.121877225837307 4.374361963359992 3.000787550469836 2.3723308584402796 1.0609386129186715 3.3549824744428562 2.121877225837307 2.1218772258375256 0.0 0.0 1.5003937752347754 1.0609386129187253 1.5003937752347754 1.0609386129187253 1.500393775234918 1.0609386129187253 3.000787550469836 1.0609386129187253 3.1828158387561447 2.1218772258375256 4.374361963360008 4.374361963359992 2.121877225837307 4.374361963359736 2.121877225837307 6.3656316775120985 4.374361963359763 2.1218772258375256 1.5003937752347754 4.374361963359736 2.372330858440364 2.1218772258375256 4.374361963360008 2.1218772258375256 1.0609386129186715 4.374361963359992 1.0609386129186715 1.0609386129187253 1.0609386129186715 1.0609386129187253 2.121877225837307 1.0609386129187253 0.0 0.0 3.354982474442599 3.0007875504696897 2.121877225837271 1.9126342844987843 0.0 3.0007875504696897 2.121877225837271 1.0609386129187253 0.0 1.5003937752347294 2.121877225837307 2.1218772258375256 2.372330858440446 2.1218772258375256 2.372330858440446 2.1218772258375256 2.121877225837271 1.5003937752347294 0.0 2.3723308584404936 1.5003937752347754 1.5003937752347294 0.6537731049360896 2.1218772258375256 4.374361963359763 4.374361963359992 3.1828158387561447 2.1218772258375256 2.6389990804520163 1.5003937752347294 4.374361963359763 3.1828158387558485 2.3723308584405443 2.1218772258375256 4.374361963359763 2.1218772258375256 2.121877225837307 2.1218772258375256 2.121877225837307 3.1828158387558485 2.3723308584405443 3.1828158387558485 2.121877225837307 2.1218772258375256 2.121877225837307 2.1218772258375256 1.4853140580859945 2.3723308584404936 2.121877225837307 3.1828158387558485 2.121877225837307 2.1218772258375256 3.1828158387561447 2.3723308584402796 3.0007875504696093
20.005246120607406 1.0609386129187253 2.121877225837307 2.1218772258375256 0.0 2.1218772258375256 1.0609386129186715 3.1828158387558485 4.374361963360008 0.0 4.374361963360008 1.0609386129187253 3.000787550469836 2.3723308584402796 1.5003937752347754 4.374361963359736 2.121877225837307 2.1218772258375256 4.374361963360008 0.0 2.121877225837307 1.0609386129187253 6.365631677511904 1.0609386129187253 1.0609386129186715 2.1218772258375256 2.372330858440446 2.1218772258375256 1.0609386129186715 4.374361963359736 1.0609386129186715 2.1218772258375256 2.121877225837307 1.5003937752347294 1.0609386129186715 2.1218772258375256 2.121877225837307 1.9126342844987843 2.121877225837307 2.1218772258375256 1.0609386129186715 2.1218772258375256 1.0609386129186715 2.1218772258375256 6.365631677511904 1.0609386129187253 2.121877225837307 3.0007875504696897 2.121877225837307 2.1218772258375256 1.0609386129186715 2.1218772258375256 2.121877225837307 2.1218772258375256 1.500393775234918 2.1218772258375256 2.121877225837307 1.0609386129187253 2.121877225837307 2.1218772258375256 1.500393775234918 2.1218772258375256 1.0609386129186715 2.1218772258375256 2.121877225837307 3.0007875504696897 2.121877225837307 1.0609386129187253 2.121877225837307 1.0609386129187253 2.121877225837307 1.0609386129187253 3.000787550469836 4.374361963359992 1.5003937752347754 2.1218772258375256 4.374361963359763 2.1218772258375256 2.121877225837307 1.0609386129187253 1.0609386129186715 2.1218772258375256 3.000787550469836 4.374361963359736 1.0609386129186715 2.3723308584404936 3.354982474442727 4.374361963359992 4.374361963359763 1.5003937752347294 4.374361963359763 0.0 2.121877225837307 2.3723308584404936 2.372330858440364 2.1218772258375256 1.0609386129186715 4.374361963359992 3.000787550469836 2.1218772258375256 2.121877225837307 2.3723308584404936 1.500393775234918 2.1218772258375256 2.372330858440364 0.7426570290431703 2.372330858440364 1.0609386129187253 1.500393775234918 2.1218772258375256 2.121877225837307 4.374361963359736 4.374361963359763 1.0609386129187253 2.121877225837307 1.5003937752347294 4.374361963359763 3.3549824744428562 2.3723308584405443 1.0609386129187253 1.0609386129186715 1.5003937752347294 0.0 2.3723308584402796 4.374361963360008 1.0609386129187253 4.374361963360008 3.0007875504696897 1.500393775234918 2.1218772258375256 1.0609386129186715 1.5003937752347294 4.374361963360008 2.3723308584404936 2.121877225837271 2.1218772258375256 2.121877225837307 1.5003937752347294 3.1828158387561447 3.0007875504696897 2.121877225837307
30.005246120607406 2.1218772258375256 1.500393775234918 1.0609386129187253 3.000787550469836 2.1218772258375256 1.0609386129186715 2.1218772258375256 4.374361963359763 2.1218772258375256 2.3723308584405443 1.0609386129187253 2.121877225837307 1.0609386129187253 2.121877225837307 1.0609386129187253 1.0609386129186715 2.1218772258375256 1.0609386129186715 2.1218772258375256 2.121877225837307 1.0609386129187253 4.374361963360008 1.0609386129187253 1.0609386129186715 2.1218772258375256 1.0609386129186715 2.1218772258375256 1.0609386129186715 4.374361963359736 1.0609386129186715 2.1218772258375256 2.121877225837307 1.0609386129187253 2.121877225837307 1.0609386129187253 1.0609386129186715 6.3656316775120985 1.0609386129186715 4.374361963359736 2.372330858440364 1.0609386129187253 2.121877225837307 3.0007875504696897 2.121877225837307 1.0609386129187253 2.121877225837307 2.1218772258375256 1.0609386129186715 2.1218772258375256 1.0609386129186715 2.1218772258375256 4.374361963359763 1.0609386129187253 4.374361963360008 1.0609386129187253 3.354982474442727 2.1218772258375256 1.0609386129186715 2.1218772258375256 2.121877225837307 3.0007875504696897 2.121877225837307 1.5003937752347294 1.0609386129186715 2.1218772258375256 1.0609386129186715 4.374361963359992 2.121877225837307 1.0609386129187253 2.121877225837307 3.0007875504696897 3.354982474442599 2.1218772258375256 3.000787550469836 2.1218772258375256 3.000787550469836 1.0609386129187253 1.0609386129186715 1.0609386129187253 2.121877225837307 1.0609386129187253 4.374361963360008 2.3723308584402796 1.0609386129186715 4.374361963359992 2.121877225837271 2.1218772258375256 4.374361963360008 2.1218772258375256 2.3723308584405443 3.0007875504696897 2.121877225837307 3.0007875504696897 2.372330858440364 3.0007875504696897 1.0609386129186715 4.374361963359736 0.0 2.1218772258375256 4.374361963359763 3.0007875504696897 1.500393775234918 1.0609386129187253 1.0609386129186715 4.374361963359736 2.121877225837271 2.1218772258375256 1.500393775234918 4.374361963359992 2.121877225837307 2.3723308584404936 4.374361963360008 1.0609386129187253 4.374361963360008 2.1218772258375256 1.0609386129186715 2.1218772258375256 3.000787550469836 4.374361963359736 2.121877225837307 1.0609386129187253 2.121877225837307 1.0609386129187253 4.374361963360008 1.0609386129187253 4.374361963360008 1.0609386129187253 3.000787550469836 2.1218772258375256 1.0609386129186715 4.374361963359736 0.7426570290431249 3.0007875504696897 2.121877225837307 0.0 3.354982474442599 2.1218772258375256 1.0609386129186715 4.374361963359992 2.121877225837307
40.00524612060741 1.0609386129185139 2.121877225837307 2.12187722583724 2.121877225837307 1.06093861291849 2.121877225837307 2.1218772258374092 1.0609386129186715 1.0609386129187948 2.372330858440364 2.121877225837239 2.121877225837307 2.1218772258372645 2.121877225837307 2.121877225837147 1.0609386129186715 1.0609386129186964 4.374361963359763 2.1218772258372853 1.0609386129186715 1.0609386129185776 2.121877225837307 2.1218772258373817 1.0609386129188552 1.0609386129184937 2.121877225837307 2.1218772258373226 2.121877225837307 4.374361963359854 1.0609386129186715 1.060938612918734 2.121877225837307 2.121877225837218 3.0007875504696093 1.0609386129188234 2.121877225837307 1.5003937752348018 1.0609386129186715 2.1218772258372702 2.121877225837307 4.3743619633600375 1.0609386129186715 1.0609386129185598 2.121877225837307 1.500393775234805 0.0 1.0609386129186413 2.121877225837307 2.1218772258372733 1.0609386129186715 1.0609386129188345 4.374361963359763 4.374361963359891 1.0609386129186715 1.0609386129184797 2.121877225837307 2.1218772258371557 1.0609386129186715 1.0609386129186311 1.0609386129186715 1.0609386129184482 4.374361963360008 4.3743619633601325 1.0609386129186715 2.1218772258371943 2.121877225837307 4.374361963360006 3.000787550469836 2.1218772258374883 2.121877225837307 4.3743619633600135 3.0007875504696093 1.0609386129186469 2.121877225837307 2.121877225837356 1.0609386129186715 1.0609386129184877 2.121877225837307 2.1218772258371903 1.0609386129186715 1.0609386129184477 2.121877225837307 2.1218772258373724 1.0609386129186715 3.0007875504696244 4.374361963360008 4.3743619633596715 1.0609386129186715 1.060938612918703 2.3723308584405443 2.121877225837182 2.121877225837307 2.1218772258371406 3.0007875504696093 1.5003937752350223 4.374361963360008 2.37233085844047 1.0609386129186715 2.121877225837354 1.500393775234918 4.374361963359834 1.0609386129186715 1.0609386129185114 2.121877225837307 2.121877225837228 1.0609386129186715 2.1218772258371033 1.500393775234918 2.1218772258371508 2.121877225837307 0.0 2.121877225837307 2.1218772258374403 2.121877225837307 1.0609386129185037 2.121877225837307 4.374361963359912 2.121877225837271 1.0609386129185308 4.374361963359763 2.121877225837431 1.0609386129186715 0.0 2.121877225837307 4.3743619633597834 2.121877225837307 2.121877225837436 2.121877225837307 2.121877225837199 2.121877225837307 1.060938612918485 1.4853140580859945 4.374361963359779 1.0609386129186715 0.0 4.374361963360008 2.1218772258373044 2.121877225837307 2.1218772258371916 4.374361963360008
50.00524612060741 1.0609386129187417 4.374361963359808 1.5003937752349306 2.1218772258374896 1.060938612918716 4.374361963359791 2.121877225837242 2.1218772258372454 2.3723308584404794 2.1218772258373213 1.0609386129185945 1.0609386129186753 2.1218772258370917 2.121877225837345 2.1218772258371663 1.5003937752348733 2.121877225837225 1.0609386129186515 0.0 2.121877225837199 2.1218772258373675 1.0609386129186338 1.0609386129186715 1.0609386129186826 1.0609386129186753 2.1218772258373426 2.121877225837398 2.121877225837271 2.1218772258373586 1.0609386129186695 3.000787550469527 1.0609386129186713 3.000787550469954 2.121877225837295 2.1218772258371144 1.0609386129186886 2.1218772258371876 2.121877225837385 2.3723308584403875 2.1218772258373915 2.1218772258372405 1.0609386129186058 2.1218772258371135 1.060938612918648 1.0609386129185159 2.121877225837299 2.121877225837462 2.1218772258374683 1.5003937752346364 1.060938612918662 1.0609386129185883 2.121877225837188 4.3743619633598225 3.000787550469696 1.0609386129185816 1.0609386129187022 1.060938612918715 2.121877225837299 4.3743619633600055 3.000787550469755 3.000787550469522 2.121877225837331 2.1218772258374146 2.121877225837462 1.0609386129185843 1.0609386129186449 3.0007875504695467 2.1218772258372214 2.1218772258372813 1.0609386129186915 1.0609386129185925 4.374361963359893 1.060938612918523 2.121877225837447 2.12187722583724 2.121877225837315 2.121877225837307 1.0609386129186869 1.0609386129186895 1.06093861291867 1.0609386129186142 2.1218772258371685 2.121877225837498 2.1218772258373044 3.0007875504695667 2.121877225837492 2.1218772258373386 2.1218772258373897 2.1218772258370726 2.121877225837313 0.0 1.0609386129185905 2.121877225837207 2.372330858440429 4.374361963359785 4.374361963360039 2.372330858440567 1.0609386129186473 2.121877225837302 2.1218772258374776 4.374361963359645 1.0609386129187066 2.3723308584405296 1.0609386129186646 1.485314058086194 2.121877225837281 1.5003937752349668 2.1218772258372223 1.5003937752347911 2.1218772258372947 2.1218772258373555 1.0609386129185947 1.0609386129188756 2.121877225837175 2.121877225837409 1.0609386129185925 2.1218772258371703 2.3723308584405647 4.3743619633599335 2.1218772258374425 2.1218772258374092 3.0007875504696493 2.121877225837425 1.0609386129186789 1.0609386129184233 2.121877225837279 2.1218772258371437 2.121877225837435 2.1218772258371548 1.060938612918651 1.0609386129188247 2.121877225837155 2.3723308584402827 1.0609386129186498 2.3723308584404026 1.0609386129187035 1.060938612918705 2.121877225837395 4.374361963359776 2.3723308584404297
60.00524612060741 1.5003937752348797 2.1218772258374177 1.0609386129185365 0.0 2.3723308584405527 2.121877225837307 1.0609386129184983 1.0609386129186622 2.37233085844056 2.3723308584404896 1.0609386129186094 1.0609386129186338 4.374361963359858 2.1218772258371983 1.060938612918784 2.1218772258375016 2.1218772258372653 4.374361963359822 1.0609386129186438 1.0609386129186786 2.1218772258374266 2.1218772258373324 2.1218772258373475 0.0 2.12187722583714 2.1218772258371725 1.0609386129187814 1.0609386129186809 2.1218772258375025 2.121877225837188 1.0609386129186575 1.0609386129185976 6.365631677511802 4.374361963359711 1.0609386129188811 1.0609386129187197 2.1218772258373915 2.1218772258372054 0.0 1.0609386129186937 2.1218772258373555 2.121877225837371 3.354982474442757 1.0609386129186285 2.1218772258373324 2.121877225837312 1.0609386129186316 1.0609386129186855 2.121877225837166 2.372330858440282 1.0609386129187166 2.121877225837484 1.0609386129185638 2.1218772258372818 1.0609386129187814 1.0609386129186127 2.121877225837246 1.5003937752347298 1.0609386129185934 1.0609386129185758 4.37436196335974 2.1218772258372685 1.0609386129186913 1.0609386129186358 2.3723308584406717 2.121877225837434 3.0007875504696573 2.1218772258372693 2.121877225837115 2.1218772258373413 1.0609386129185987 3.000787550469702 2.121877225837213 4.374361963359898 1.0609386129188587 0.0 2.1218772258372964 2.121877225837392 2.121877225837386 2.121877225837281 2.121877225837366 2.121877225837396 2.1218772258371557 1.0609386129186344 4.374361963359965 1.5003937752347407 2.121877225837165 3.0007875504698482 4.3743619633598945 2.3723308584403338 2.1218772258374887 1.0609386129186378 2.121877225837187 4.374361963359747 0.0 3.0007875504697434 4.374361963359969 4.374361963359952 2.1218772258372662 1.0609386129186722 2.3723308584404057 2.121877225837433 1.0609386129184712 1.0609386129186218 2.1218772258374416 1.5003937752349792 1.0609386129184482 1.0609386129186542 2.121877225837338 2.3723308584404355 3.000787550469599 2.1218772258372556 2.121877225837231 2.121877225837194 3.0007875504696955 1.0609386129186287 2.121877225837311 2.3723308584404355 1.0609386129185086 1.0609386129186371 2.121877225837378 2.121877225837324 1.06093861291847 2.1218772258371335 2.121877225837359 1.060938612918722 2.121877225837505 2.121877225837366 1.0609386129186276 3.0007875504698944 1.5003937752348513 1.485314058085967 0.0 1.060938612918708 2.1218772258373058 2.1218772258372876 1.0609386129187195 2.1218772258371956 2.372330858440389 2.3723308584405345
70.00524612060741 2.121877225837459 2.1218772258374834 1.060938612918798 4.374361963359994 2.1218772258374727 2.121877225837319 1.060938612918703 1.0609386129186393 2.1218772258372627 0.0 2.1218772258374727 2.1218772258373186 2.1218772258372707 2.121877225837213 2.1218772258372782 1.060938612918673 2.3723308584405314 1.0609386129186995 2.1218772258370793 1.0609386129186342 2.121877225837396 1.0609386129186562 2.1218772258374496 1.5003937752348113 1.0609386129186096 2.1218772258371597 1.0609386129185716 1.0609386129186182 2.12187722583725 1.0609386129186762 4.374361963359905 2.1218772258373155 2.1218772258371468 4.374361963360047 2.1218772258373124 2.121877225837238 1.0609386129185112 4.374361963359849 2.121877225837156 1.0609386129186196 2.1218772258373355 1.0609386129186542 4.374361963360066 2.121877225837284 1.500393775234969 2.1218772258374394 2.121877225837279 1.0609386129186678 3.1828158387559373 1.0609386129186362 2.1218772258371317 1.0609386129186555 2.1218772258372067 1.0609386129186444 2.1218772258372787 2.1218772258371392 1.0609386129187406 2.1218772258372 2.121877225837389 1.0609386129186704 2.121877225837282 1.060938612918656 2.1218772258373684 4.37436196336004 1.0609386129188685 2.121877225837119 3.0007875504696235 1.5003937752346874 1.0609386129186673 2.1218772258372454 1.0609386129186085 2.1218772258373013 2.121877225837343 1.060938612918613 2.121877225837116 2.121877225837293 1.500393775234926 4.374361963359768 2.121877225837175 0.0 2.1218772258371406 2.121877225837359 1.0609386129188714 4.243754451674419 2.3723308584403298 3.0007875504695707 4.374361963359986 4.3743619633599256 1.060938612918692 2.121877225837275 1.0609386129187968 1.0609386129185852 2.121877225837345 0.0 1.5003937752349192 2.121877225837245 2.121877225837201 2.1218772258372294 1.0609386129188685 2.3723308584403098 2.1218772258374656 2.121877225837467 1.0609386129186729 2.121877225837199 2.3723308584405354 2.1218772258371392 2.121877225837203 1.5003937752347998 1.060938612918654 2.121877225837248 0.0 0.0 2.1218772258374328 1.0609386129186418 2.121877225837383 1.0609386129186995 2.121877225837189 2.121877225837263 2.1218772258372933 2.121877225837166 1.0609386129185951 1.5003937752348997 3.0007875504699584 4.374361963359994 1.060938612918816 1.5003937752347518 1.0609386129184797 3.0007875504698185 2.121877225837285 1.0609386129186555 1.5003937752348206 1.4853140580859598 6.365631677511786 1.0609386129185954 1.0609386129186051 4.3743619633600055 1.0609386129189011 4.374361963359967 2.1218772258373964 2.121877225837262
80.00524612060741 1.0609386129188072 1.060938612918659 2.121877225837357 2.121877225837303 2.3723308584404754 1.0609386129186686 2.121877225837331 1.060938612918703 2.3723308584404164 2.121877225837383 1.060938612918739 3.0007875504697097 2.3723308584405256 2.1218772258372844 1.060938612918469 1.060938612918643 4.374361963359996 2.121877225837185 1.060938612918631 2.1218772258374807 2.1218772258371112 1.0609386129186993 2.1218772258373777 2.1218772258371112 1.0609386129186604 2.121877225837175 2.1218772258371517 1.060938612918632 2.121877225837423 2.121877225837299 1.0609386129186071 3.0007875504696546 4.374361963359975 6.3656316775118675 1.0609386129188567 2.1218772258372276 2.1218772258374923 1.0609386129185903 4.3743619633598625 2.372330858440541 0.0 1.0609386129186396 2.3723308584402387 1.5003937752348784 2.121877225837199 1.0609386129186555 1.5003937752347227 2.1218772258373586 0.0 3.000787550469642 2.1218772258372747 1.0609386129186835 2.1218772258372938 1.0609386129186198 1.0609386129187008 2.1218772258371073 2.121877225837207 2.1218772258372782 1.0609386129187808 3.0007875504696853 2.1218772258372507 1.5003937752347154 2.1218772258373804 1.0609386129186948 2.12187722583713 2.121877225837256 2.1218772258372613 2.121877225837293 1.0609386129185874 1.0609386129186043 2.1218772258375136 2.3723308584404927 1.0609386129188405 1.0609386129187 2.121877225837209 2.121877225837288 1.5003937752349752 1.0609386129186136 2.372330858440551 4.374361963359894 1.0609386129188032 1.0609386129186678 2.1218772258374625 2.121877225837155 2.3723308584404874 2.121877225837107 2.372330858440336 1.0609386129186547 2.121877225837446 4.374361963359733 2.121877225837273 1.5003937752347973 1.060938612918756 0.0 4.374361963359828 4.374361963359952 2.121877225837279 1.0609386129186476 2.12187722583721 3.0007875504696266 2.1218772258374226 4.374361963359816 2.1218772258372534 2.1218772258374328 2.121877225837223 4.374361963359761 1.0609386129187712 1.0609386129186489 2.1218772258372836 2.3723308584403395 0.0 1.0609386129186331 2.12187722583712 2.1218772258372978 1.0609386129185614 2.1218772258374536 1.0609386129185463 3.000787550469817 2.1218772258373773 4.374361963359848 1.060938612918673 1.0609386129186058 4.374361963359709 1.060938612918664 2.1218772258372316 4.374361963359813 1.060938612918739 1.0609386129187037 2.121877225837434 2.1218772258372973 2.1218772258371277 4.374361963359892 0.0 1.0609386129186276 2.1218772258372067 4.37436196335988 3.000787550469824 1.0609386129186607 2.3723308584404634 2.372330858440367
90.00524612060741 4.243754451674463 1.0609386129186476 2.1218772258372103 2.372330858440435 0.0 2.1218772258373195 1.0609386129184313 1.0609386129186895 4.3743619633599184 2.1218772258372667 2.12187722583711 2.1218772258371645 4.3743619633599184 2.1218772258374856 2.1218772258374736 2.372330858440341 0.0 2.121877225837339 1.0609386129186211 1.0609386129186982 2.121877225837373 1.060938612918623 1.0609386129187115 2.1218772258374705 1.0609386129186957 2.121877225837348 2.121877225837276 1.0609386129186043 2.121877225837516 1.0609386129187148 2.1218772258373124 2.121877225837481 2.121877225837386 2.37233085844058 0.0 1.060938612918681 2.1218772258373155 1.060938612918622 4.374361963359845 2.1218772258372995 3.0007875504696986 2.1218772258371166 3.000787550469718 2.1218772258373755 1.0609386129187814 2.121877225837363 1.0609386129185836 1.0609386129186187 2.1218772258373058 2.1218772258372507 2.1218772258373533 2.1218772258373297 1.0609386129187404 4.374361963360037 3.000787550469584 1.060938612918686 2.1218772258373972 1.0609386129186629 2.1218772258372365 1.0609386129186213 2.1218772258374132 1.0609386129186895 1.5003937752349523 0.0 1.0609386129188403 1.060938612918666 1.0609386129187326 1.0609386129186666 1.5003937752347354 1.0609386129186316 1.5003937752347787 2.3723308584404754 2.121877225837201 1.500393775234751 2.1218772258374705 4.374361963359991 2.1218772258374194 2.1218772258372196 1.0609386129185763 2.121877225837307 2.121877225837363 2.372330858440382 1.060938612918665 1.0609386129185996 2.1218772258374052 4.374361963359936 2.121877225837199 2.1218772258374483 4.374361963359918 2.1218772258372933 2.1218772258371885 2.1218772258371312 1.0609386129186926 2.1218772258374363 0.0 3.000787550469807 2.3723308584403195 0.0 4.374361963359916 2.1218772258373737 1.0609386129186007 1.5003937752348484 1.0609386129187077 2.1218772258373195 0.0 1.0609386129186114 2.121877225837254 3.000787550469693 2.1218772258370913 2.1218772258372964 2.3723308584405713 2.3723308584403653 1.0609386129185143 4.374361963359929 1.060938612918759 1.0609386129186338 1.5003937752347012 2.121877225837303 2.1218772258372254 2.121877225837339 1.060938612918709 2.12187722583734 1.0609386129186582 1.0609386129186276 2.1218772258372054 2.1218772258373972 2.121877225837415 2.1218772258374807 1.0609386129186615 2.1218772258372103 3.000787550469814 2.1218772258372955 2.372330858440501 1.0609386129185838 4.374361963359897 1.5003937752347984 1.0609386129187883 2.121877225837456 0.7426570290432095 4.374361963359816
100.00524612060741 1.060938612918501 4.374361963359997 1.060938612918709 2.372330858440496 0.0 4.374361963360073 2.121877225837499 2.3723308584404754 4.374361963359887 2.121877225837283 2.1218772258372347 2.121877225837394 0.0 4.374361963359727 1.0609386129187366 3.0007875504696897 2.37233085844042 2.1218772258372374 2.121877225837414 1.0609386129186142 1.5003937752348409 1.0609386129186362 2.1218772258372205 4.374361963360014 1.060938612918686 4.374361963360092 1.060938612918537 2.121877225837248 2.1218772258373506 1.060938612918697 1.5003937752347882 2.121877225837233 1.060938612918732 2.1218772258373884 1.5003937752350562 2.1218772258372356 1.0609386129187983 2.1218772258373897 0.0 1.060938612918629 2.12187722583728 2.12187722583715 1.5003937752349659 2.121877225837313 1.0609386129187661 2.121877225837171 2.3723308584403795 1.060938612918649 2.121877225837284 1.06093861291865 2.1218772258373333 1.0609386129187155 2.1218772258372405 2.12187722583731 2.121877225837267 2.121877225837507 1.0609386129184135 2.121877225837323 4.374361963359992 1.060938612918666 2.121877225837257 1.060938612918666 2.121877225837182 2.121877225837448 1.0609386129187346 2.3723308584405527 1.0609386129187155 1.5003937752346983 1.0609386129187306 1.0609386129186718 2.121877225837548 2.121877225837357 2.121877225837335 1.06093861291867 2.121877225837518 2.1218772258371295 4.374361963359767 2.121877225837293 1.0609386129187204 0.0 2.1218772258372307 1.060938612918664 4.374361963360086 4.37436196335996 4.3743619633598865 1.060938612918656 2.372330858440386 2.121877225837219 1.060938612918795 4.374361963359808 2.1218772258373617 3.0007875504696724 2.1218772258374665 1.0609386129186276 4.37436196336008 2.1218772258372183 2.121877225837359 2.12187722583749 3.000787550469524 2.121877225837431 2.121877225837306 1.5003937752349499 3.0007875504698363 1.060938612918679 2.3723308584405767 2.121877225837236 2.121877225837211 2.121877225837404 1.0609386129187475 4.374361963359728 0.0 3.0007875504697767 2.3723308584405847 2.1218772258374754 2.1218772258373795 1.0609386129186795 1.5003937752349241 0.0 2.121877225837311 4.374361963359948 1.060938612918563 1.0609386129187035 1.060938612918801 2.1218772258373626 4.374361963360139 1.060938612918667 2.121877225837098 2.1218772258371863 1.0609386129186966 2.1218772258372036 2.1218772258373058 2.372330858440446 0.0 2.1218772258372764 1.0609386129185436 1.0609386129186784 2.1218772258371486 3.0007875504697386 4.374361963359904 2.121877225837233
110.00524612060741 1.060938612918832 2.12187722583729 1.0609386129188796 1.5003937752348993 1.0609386129185514 1.0609386129186988 1.5003937752347807 1.5003937752349348 2.3723308584405145 4.374361963359716 1.0609386129185947 1.0609386129186535 2.3723308584403617 2.1218772258371157 1.0609386129185183 4.374361963360024 2.121877225837424 2.3723308584405074 4.374361963360014 1.0609386129186817 4.374361963359882 2.1218772258374092 1.0609386129188747 2.121877225837202 1.060938612918773 3.3549824744426733 2.1218772258372827 2.1218772258374736 0.0 2.1218772258371636 2.1218772258373857 3.00078755046974 1.5003937752348668 2.3723308584405443 1.9126342844988753 2.12187722583735 1.0609386129184817 1.0609386129186533 4.374361963359846 1.060938612918717 2.121877225837275 1.0609386129186116 2.1218772258372267 1.0609386129186293 2.1218772258371557 2.1218772258373706 1.0609386129187817 4.374361963359883 1.06093861291867 1.060938612918651 2.121877225837427 1.0609386129186578 4.374361963360032 2.3723308584403444 1.0609386129185256 2.121877225837255 1.0609386129187233 1.0609386129186174 2.1218772258370655 1.0609386129186142 1.0609386129186928 4.374361963359826 1.0609386129188008 4.374361963360055 1.0609386129186875 1.0609386129186364 4.374361963359962 2.121877225837411 2.1218772258371303 2.1218772258371805 2.1218772258371796 4.374361963360008 1.0609386129185503 0.0 2.121877225837399 2.121877225837283 1.0609386129185636 2.1218772258373892 2.1218772258373293 3.0007875504696915 2.1218772258372267 2.1218772258373204 3.0007875504696426 1.0609386129186635 2.1218772258371863 1.060938612918632 0.0 1.0609386129186147 2.1218772258373395 4.374361963359983 1.06093861291852 1.0609386129186256 1.500393775235013 4.374361963360046 1.0609386129185807 4.374361963359849 0.0 1.0609386129186196 2.1218772258373226 1.500393775234949 2.1218772258371428 2.121877225837274 1.060938612918697 2.1218772258374674 2.3723308584405234 1.0609386129187084 2.1218772258373715 2.121877225837465 1.0609386129187175 2.1218772258374297 1.5003937752348633 2.1218772258373404 2.3723308584403915 2.121877225837208 1.060938612918715 2.121877225837115 1.0609386129185676 1.0609386129186695 1.0609386129186118 3.000787550469849 2.121877225837165 2.121877225837215 1.0609386129187017 2.3723308584403995 1.5003937752347245 3.0007875504698687 4.37436196335992 1.0609386129186607 2.1218772258373884 2.1218772258374714 1.0609386129185556 2.1218772258373346 2.121877225837531 1.0609386129186038 2.1218772258372676 1.06093861291863 2.1218772258371335 2.1218772258373706 2.121877225837157 1.0609386129186675
120.00524612060741 1.060938612918879 1.0609386129186233 4.374361963359818 2.372330858440513 1.0609386129185265 1.0609386129186813 2.1218772258373844 3.0007875504698354 2.3723308584403773 2.3723308584404816 1.0609386129184828 2.1218772258371463 4.374361963359907 2.121877225837169 1.0609386129186196 2.1218772258371636 3.0007875504696213 1.0609386129186589 2.121877225837359 2.1218772258373733 1.0609386129186815 3.0007875504697346 1.0609386129187133 0.0 2.121877225837536 4.374361963360056 1.0609386129186846 2.121877225837305 1.06093861291874 1.0609386129186276 2.1218772258371303 1.060938612918608 2.121877225837311 2.372330858440321 0.0 1.0609386129187108 2.1218772258374488 2.1218772258371406 3.0007875504697807 2.1218772258373244 1.060938612918645 2.1218772258373986 2.121877225837463 2.1218772258371863 4.374361963359883 1.0609386129186473 2.1218772258375114 1.0609386129185931 4.374361963359996 2.121877225837331 3.000787550469697 1.0609386129186738 2.1218772258373892 0.0 1.0609386129185456 2.121877225837219 2.1218772258371437 0.0 2.1218772258371814 2.121877225837262 1.06093861291845 1.060938612918673 2.121877225837451 1.0609386129186285 2.1218772258373635 2.121877225837318 1.0609386129186198 1.0609386129186544 2.121877225837434 2.121877225837112 2.1218772258373577 2.372330858440384 1.060938612918488 1.0609386129186882 2.121877225837499 2.1218772258372955 2.121877225837261 0.0 2.3723308584402916 4.374361963360003 2.1218772258373355 2.121877225837197 0.0 1.0609386129186655 4.374361963359768 2.1218772258374496 2.1218772258372116 2.1218772258374043 1.0609386129186136 2.1218772258373457 1.0609386129184757 1.060938612918658 1.500393775234806 2.1218772258373058 1.0609386129187326 1.0609386129186489 2.1218772258374177 2.121877225837383 1.5003937752349117 2.121877225837481 2.1218772258372653 1.060938612918636 2.121877225837199 1.0609386129186793 0.0 2.121877225837243 1.0609386129187874 1.0609386129187048 2.121877225837439 4.374361963359926 2.121877225837222 4.374361963359975 2.1218772258372116 1.0609386129186453 2.1218772258374576 2.1218772258372525 1.0609386129185419 1.0609386129186569 2.121877225837084 1.0609386129186256 2.121877225837224 1.0609386129186515 2.121877225837371 2.121877225837191 4.374361963359638 2.121877225837404 1.0609386129185059 2.12187722583746 1.0609386129185572 0.0 1.0609386129187446 2.12187722583729 2.121877225837504 1.0609386129186817 4.374361963359876 2.121877225837097 2.1218772258371303 4.3743619633598465 0.7426570290432095 3.0007875504697306
130.0052461206074 4.243754451674564 1.0609386129186167 1.5003937752349419 2.3723308584405274 2.121877225837396 1.0609386129186724 2.121877225837404 2.1218772258371827 2.121877225837465 2.121877225837307 4.374361963359904 2.121877225837331 3.000787550469651 1.5003937752347813 2.1218772258372747 2.121877225837491 2.121877225837167 1.0609386129186502 2.1218772258374297 2.1218772258372516 1.0609386129188383 1.0609386129186134 2.121877225837447 2.1218772258374967 2.12187722583709 1.060938612918666 2.121877225837247 2.121877225837254 1.060938612918705 2.1218772258373804 2.121877225837231 4.374361963359812 1.0609386129185516 2.1218772258374945 2.121877225837346 2.121877225837201 2.121877225837407 1.0609386129186806 4.374361963359924 2.121877225837403 1.0609386129185616 1.060938612918667 4.374361963359709 2.1218772258371894 1.0609386129188318 4.3743619633600686 2.1218772258371352 2.1218772258373013 2.1218772258373404 1.0609386129186338 2.1218772258372525 2.121877225837283 1.060938612918688 2.121877225837332 2.121877225837564 2.121877225837435 2.1218772258374052 0.0 2.1218772258372365 2.1218772258372063 0.0 3.0007875504696626 2.121877225837431 1.500393775234947 1.060938612918473 1.0609386129186582 2.1218772258372525 1.0609386129186391 1.0609386129183798 1.0609386129186436 2.121877225837403 2.37233085844043 1.0609386129185467 1.0609386129186789 2.121877225837504 2.1218772258373932 3.000787550469555 0.0 2.3723308584402285 2.372330858440445 1.0609386129187042 3.0007875504696533 2.1218772258371397 2.121877225837357 0.0 1.0609386129186436 2.1218772258374625 1.5003937752347516 1.0609386129184137 2.1218772258372933 4.374361963359718 2.121877225837205 1.060938612918647 0.0 4.374361963359752 1.5003937752349812 2.1218772258375034 1.060938612918721 1.0609386129186644 1.0609386129186167 1.0609386129187215 1.0609386129186316 2.1218772258374785 4.374361963360065 2.121877225837271 1.5003937752347953 2.1218772258374545 2.1218772258371184 3.0007875504695667 2.3723308584403022 4.374361963359995 4.374361963360085 2.121877225837218 3.0007875504698216 1.5003937752349858 2.1218772258372494 1.0609386129187799 3.0007875504697425 4.374361963359681 2.1218772258373555 1.0609386129186131 1.060938612918611 2.121877225837389 1.0609386129186689 2.1218772258374443 2.1218772258373977 1.0609386129185776 1.0609386129186311 2.121877225837315 2.121877225837387 1.0609386129186407 1.485314058086204 1.5003937752347711 2.1218772258371077 1.0609386129186538 1.0609386129186333 2.121877225837231 1.5003937752349248 2.1218772258371086 2.121877225837372
140.0052461206074 1.060938612918475 2.1218772258372858 0.0 1.0609386129186138 2.3723308584405434 1.0609386129186569 4.374361963360086 4.374361963359857 2.121877225837477 2.3723308584405385 1.0609386129187934 4.374361963359844 2.1218772258371112 2.121877225837231 1.0609386129185019 1.0609386129186136 2.372330858440585 1.0609386129186191 2.1218772258371303 2.1218772258372733 1.0609386129185168 2.1218772258374545 1.0609386129184912 1.5003937752347878 2.121877225837288 1.0609386129186396 2.1218772258370455 3.000787550469809 2.1218772258373986 1.0609386129186817 2.121877225837378 4.374361963359725 0.0 2.121877225837335 1.060938612918523 1.0609386129186116 2.121877225837277 1.060938612918594 2.3723308584405283 2.1218772258372542 2.1218772258374927 2.121877225837403 1.0609386129185565 2.1218772258373044 2.1218772258372174 2.1218772258373373 2.1218772258374194 1.060938612918621 4.37436196336002 1.0609386129186995 2.1218772258373506 2.121877225837331 1.0609386129187508 2.3723308584405514 1.0609386129184881 0.0 2.1218772258373635 2.121877225837369 1.5003937752348266 2.12187722583728 2.121877225837527 2.121877225837115 2.121877225837423 1.0609386129187104 2.3723308584403555 1.0609386129186118 2.121877225837167 2.3723308584405474 1.0609386129188159 2.121877225837176 2.1218772258372423 2.121877225837272 2.121877225837143 1.0609386129186433 2.1218772258374496 1.0609386129186884 2.121877225837364 1.060938612918683 2.3723308584405003 2.372330858440458 1.0609386129185565 2.1218772258374634 2.1218772258374647 1.0609386129187042 2.3723308584403195 1.0609386129186935 2.121877225837316 4.374361963359911 1.500393775234885 2.3723308584404954 2.1218772258370837 2.1218772258374714 3.0007875504696573 4.374361963359721 3.000787550469859 2.1218772258374186 2.3723308584404195 1.0609386129186655 2.121877225837233 2.1218772258373377 1.0609386129185296 2.121877225837183 1.0609386129188774 2.121877225837231 2.3723308584402196 1.060938612918696 2.1218772258372325 1.060938612918714 2.121877225837458 4.374361963359801 2.3723308584403138 2.121877225837203 0.0 2.1218772258371588 1.0609386129186427 1.0609386129186984 2.121877225837521 1.0609386129186433 2.1218772258373 2.1218772258373333 1.0609386129187641 2.1218772258375034 1.0609386129187894 1.0609386129187075 2.121877225837355 4.374361963359808 2.121877225837259 2.121877225837297 1.0609386129187934 2.121877225837282 1.060938612918597 1.4853140580861581 4.374361963359977 0.0 4.374361963359886 4.374361963359812 1.0609386129184948 2.1218772258375047 2.3723308584404035 2.121877225837378
150.0052461206074 1.0609386129185496 1.0609386129186877 4.3743619633599735 2.121877225837357 1.0609386129185057 2.121877225837447 1.0609386129186842 4.374361963359796 3.0007875504697545 4.374361963359777 1.0609386129184621 3.000787550469604 2.121877225837391 2.1218772258372343 1.0609386129186154 4.374361963360005 2.1218772258372707 6.365631677511858 1.0609386129187186 1.0609386129186762 2.121877225837367 1.060938612918709 2.1218772258371406 4.374361963359942 2.121877225837132 0.0 4.37436196335976 1.5003937752349747 4.374361963359837 1.060938612918681 2.12187722583732 2.1218772258371144 4.374361963359936 0.0 1.500393775234811 1.0609386129186296 1.0609386129186764 4.374361963359776 0.0 2.121877225837159 1.0609386129188125 1.0609386129186027 2.12187722583732 2.121877225837144 1.0609386129187182 2.1218772258372987 1.06093861291883 4.374361963359813 1.0609386129184417 2.1218772258371152 1.0609386129185103 1.0609386129186198 2.121877225837143 0.0 2.1218772258372325 1.0609386129186154 1.0609386129185172 1.060938612918691 4.374361963359871 2.121877225837233 4.374361963359955 1.0609386129186538 2.1218772258374354 1.0609386129186527 2.1218772258373173 2.1218772258372653 4.374361963360016 2.12187722583747 1.060938612918783 4.374361963359793 1.0609386129185576 0.0 1.060938612918703 2.1218772258373773 1.0609386129185026 2.121877225837263 4.374361963359971 2.121877225837463 2.1218772258370966 2.3723308584403653 1.0609386129186016 4.374361963359832 1.060938612918517 2.121877225837229 2.3723308584405753 3.00078755046963 2.121877225837197 1.060938612918662 1.50039377523497 2.1218772258373337 2.1218772258373453 1.0609386129186116 4.374361963360053 2.1218772258372978 2.121877225837218 0.0 2.37233085844041 1.0609386129186893 2.121877225837354 2.3723308584404994 3.0007875504695987 2.121877225837307 1.060938612918709 2.1218772258374603 3.0007875504698824 2.1218772258374274 1.0609386129187002 2.121877225837204 1.0609386129188079 4.374361963359826 2.1218772258372085 3.0007875504697665 0.0 2.1218772258373004 1.0609386129187057 0.0 2.121877225837163 3.0007875504697044 4.37436196335997 1.0609386129186595 2.121877225837261 1.0609386129186096 4.374361963359774 1.0609386129186822 2.121877225837235 1.0609386129186276 2.121877225837177 1.0609386129186635 2.1218772258371525 1.0609386129187006 1.0609386129187361 1.0609386129186713 2.1218772258372725 1.5003937752348593 2.121877225837086 2.121877225837339 1.060938612918736 1.5003937752349101 4.374361963360086 4.374361963359833
160.0052461206074 2.1218772258374523 1.0609386129186562 3.0007875504697417 2.1218772258374825 2.3723308584402516 2.121877225837196 2.121877225837388 1.0609386129186913 3.0007875504696284 3.0007875504696604 2.1218772258372836 2.1218772258372574 1.5003937752349372 2.121877225837143 2.1218772258372707 1.0609386129186555 2.121877225837271 0.0 1.0609386129185756 2.121877225837499 3.0007875504697887 2.121877225837137 2.121877225837318 0.0 1.0609386129186198 1.0609386129186962 2.1218772258374154 1.0609386129186864 1.0609386129186247 2.1218772258372303 1.0609386129187577 4.374361963359928 1.060938612918732 4.3743619633599335 2.3723308584403235 1.0609386129186344 2.1218772258373235 1.0609386129186136 2.1218772258373986 2.3723308584404386 2.1218772258372867 2.1218772258374763 2.121877225837202 1.0609386129186789 2.121877225837183 1.060938612918613 1.060938612918768 2.1218772258371796 2.121877225837356 2.121877225837403 2.121877225837392 1.0609386129186038 1.060938612918653 2.121877225837302 1.0609386129185812 2.121877225837357 2.121877225837331 2.1218772258372955 3.0007875504697634 1.0609386129186131 1.0609386129187104 1.0609386129186598 1.0609386129185479 2.1218772258372853 2.121877225837433 2.3723308584403093 2.121877225837256 1.0609386129186316 1.0609386129187794 1.0609386129186846 2.121877225837176 2.3723308584404985 2.1218772258373084 2.121877225837363 2.121877225837163 1.0609386129186735 1.060938612918737 1.0609386129186427 0.0 2.3723308584404967 2.1218772258374163 4.3743619633598385 4.374361963359835 2.121877225837299 0.0 1.0609386129186766 2.1218772258372653 2.121877225837487 1.060938612918794 2.3723308584403475 4.374361963359752 2.1218772258375105 4.374361963359733 2.3723308584402805 6.365631677511882 1.0609386129186469 2.121877225837443 1.0609386129186549 1.060938612918713 2.121877225837192 4.374361963359802 2.121877225837143 2.1218772258373493 1.0609386129186573 2.3723308584402796 1.060938612918667 1.0609386129186489 2.1218772258373093 2.1218772258375354 2.1218772258373257 4.374361963359712 1.0609386129186829 1.0609386129185439 1.0609386129186842 1.0609386129185896 2.1218772258373 2.1218772258372423 1.5003937752347525 1.0609386129186336 2.121877225837281 1.0609386129185794 1.060938612918665 1.0609386129186655 2.1218772258374865 2.1218772258372818 2.1218772258371694 2.121877225837286 3.0007875504698216 4.24375445167453 1.0609386129186553 1.0609386129185576 2.372330858440446 2.3723308584402703 2.1218772258371525 4.374361963359888 2.1218772258372316 2.1218772258373106 0.0 2.372330858440354 2.1218772258374696
170.0052461206074 1.5003937752349013 1.0609386129186051 0.0 1.0609386129186915 1.0609386129188862 2.121877225837384 2.121877225837091 1.0609386129186384 4.374361963359833 3.354982474442744 1.0609386129186935 1.0609386129186495 4.374361963359861 1.0609386129186675 1.0609386129187623 2.1218772258372676 2.1218772258373972 2.3723308584405096 2.121877225837318 1.5003937752349552 2.1218772258372316 2.121877225837399 1.0609386129185596 2.1218772258373337 1.060938612918641 4.374361963359723 2.1218772258375225 2.121877225837284 2.1218772258372662 2.1218772258371184 1.060938612918458 2.121877225837347 1.0609386129185896 4.374361963359861 1.0609386129186367 2.12187722583714 2.1218772258373764 1.0609386129186789 2.121877225837031 3.0007875504697354 2.1218772258374026 1.0609386129186482 4.3743619633596955 1.0609386129186602 2.121877225837517 2.121877225837122 2.1218772258373018 2.121877225837339 2.3723308584402916 0.0 1.0609386129188538 1.0609386129186302 1.0609386129186154 2.3723308584403835 1.0609386129187135 2.121877225837278 2.1218772258372818 1.0609386129186196 3.0007875504698998 2.1218772258374403 2.121877225837287 1.0609386129186331 1.0609386129185414 1.0609386129186775 1.060938612918666 2.3723308584405713 2.1218772258373666 2.1218772258374603 2.121877225837151 1.0609386129186311 2.1218772258372804 2.1218772258372747 1.0609386129187408 2.121877225837262 2.121877225837374 1.0609386129186502 2.1218772258373257 2.1218772258374896 2.372330858440478 2.372330858440463 2.1218772258373435 1.060938612918625 1.0609386129186047 2.121877225837265 0.0 2.121877225837432 2.1218772258372702 2.121877225837361 2.1218772258372627 2.1218772258372502 2.121877225837161 4.37436196335981 2.121877225837154 2.3723308584403027 1.5003937752348244 4.374361963359798 2.3723308584406055 1.0609386129186855 2.1218772258370944 1.0609386129186877 1.060938612918441 2.121877225837385 1.5003937752348182 2.121877225837203 0.0 0.0 1.0609386129186213 2.121877225837451 2.121877225837163 0.0 2.1218772258373297 2.121877225837226 0.0 4.3743619633599575 2.121877225837331 2.1218772258371192 4.37436196336008 2.1218772258373155 1.0609386129184455 1.0609386129185971 1.0609386129187954 2.121877225837411 2.1218772258375487 2.1218772258371965 1.5003937752347014 1.060938612918638 1.0609386129185376 2.121877225837295 2.1218772258372014 2.1218772258372103 2.1218772258373 0.0 2.372330858440338 1.0609386129186953 2.121877225837539 1.0609386129186484 4.374361963359832 2.3723308584406224 4.374361963359883 1.0609386129186136
180.0052461206074 1.0609386129188259 2.1218772258374807 2.372330858440563 3.000787550469819 2.372330858440545 1.500393775234811 1.0609386129187215 2.1218772258371703 3.0007875504698673 2.121877225837297 2.121877225837401 1.0609386129186438 1.5003937752349574 2.1218772258374115 1.0609386129186247 4.374361963360011 2.1218772258373573 2.121877225837329 2.1218772258372876 1.0609386129185998 2.121877225837302 2.1218772258374146 1.0609386129186813 2.3723308584403613 2.121877225837238 1.0609386129186635 2.121877225837539 2.121877225837167 1.0609386129185188 1.0609386129186247 2.1218772258373284 1.060938612918693 1.500393775234728 2.1218772258374905 2.121877225837283 2.3723308584404954 3.0007875504698047 1.0609386129186595 2.37233085844051 1.0609386129186056 2.1218772258370566 1.0609386129186749 0.0 2.1218772258371152 3.0007875504696564 1.0609386129186018 4.3743619633597355 1.0609386129186358 2.121877225837348 2.37233085844039 1.0609386129186211 4.374361963359919 3.0007875504696266 2.121877225837467 2.3723308584404315 1.060938612918618 2.1218772258373964 1.060938612918706 2.3723308584403053 2.121877225837483 3.000787550469895 2.1218772258372955 1.0609386129188132 1.060938612918674 2.121877225837256 2.121877225837431 1.0609386129188065 2.121877225837343 1.0609386129185336 1.0609386129186376 2.121877225837233 0.0 2.1218772258372267 2.1218772258372596 1.0609386129186598 2.1218772258373364 3.3549824744425893 1.0609386129186125 2.3723308584402374 0.0 2.1218772258371077 2.372330858440392 4.37436196335976 2.121877225837384 2.1218772258374643 1.0609386129186669 2.1218772258372627 1.060938612918619 2.1218772258374163 1.500393775234746 1.060938612918576 2.1218772258373457 2.121877225837269 4.374361963359721 2.1218772258372804 4.37436196335989 2.121877225837396 1.0609386129186364 2.1218772258371468 2.3723308584404057 4.374361963359943 2.1218772258371192 2.1218772258370695 2.1218772258374634 2.3723308584405585 2.121877225837347 2.1218772258372396 3.0007875504697137 2.121877225837257 4.374361963360012 2.121877225837283 2.372330858440409 2.3723308584402947 1.0609386129186098 2.121877225837336 2.1218772258373497 4.374361963359997 2.1218772258372924 2.121877225837264 2.1218772258373346 1.060938612918617 1.0609386129186704 2.121877225837511 3.0007875504697186 2.1218772258373635 2.1218772258374647 1.0609386129183778 1.0609386129186622 2.121877225837427 1.0609386129186424 2.121877225837355 4.374361963359761 4.374361963359736 4.374361963359858 1.0609386129188254 4.3743619633597834 1.0609386129186391 3.000787550469808 1.4853140580862287 1.500393775234768
190.0052461206074 2.121877225837367 2.1218772258373786 4.374361963359703 0.0 2.372330858440339 2.1218772258372733 2.121877225837091 1.0609386129186604 4.374361963359714 3.000787550469626 2.121877225837445 2.121877225837309 1.0609386129186196 2.121877225837255 1.0609386129186815 4.3743619633599495 2.1218772258372676 0.0 1.0609386129186142 1.0609386129186769 2.1218772258373706 1.060938612918637 3.0007875504697066 3.0007875504697856 2.121877225837412 1.0609386129186904 2.121877225837199 2.1218772258373613 1.0609386129185236 1.060938612918632 1.060938612918693 2.1218772258374017 1.0609386129186276 4.374361963359992 2.121877225837378 1.5003937752347944 2.12187722583704 2.1218772258374283 2.3723308584404514 3.000787550469724 2.1218772258371983 2.1218772258371907 2.3723308584403076 2.1218772258373146 1.0609386129186205 2.121877225837113 1.0609386129187584 4.37436196335996 3.0007875504697448 2.1218772258373315 1.0609386129184684 2.1218772258374203 4.374361963360128 2.1218772258372645 0.0 1.0609386129186302 1.0609386129187022 1.0609386129186695 4.374361963359857 1.0609386129186222 0.0 2.1218772258373404 2.121877225837383 1.060938612918667 2.1218772258375305 2.1218772258373413 2.121877225837291 4.374361963359952 1.0609386129184757 2.121877225837189 2.1218772258371765 2.37233085844045 1.0609386129187863 4.3743619633598145 1.0609386129185696 2.1218772258371943 4.374361963360138 1.0609386129186813 2.372330858440579 2.121877225837315 2.1218772258372085 3.0007875504696484 2.121877225837291 1.0609386129186036 3.3549824744425796 4.374361963359922 1.0609386129186535 1.5003937752349723 2.1218772258372827 2.3723308584402667 1.0609386129186704 1.0609386129186946 0.0 2.121877225837365 2.121877225837431 1.5003937752349343 2.3723308584406553 1.0609386129186695 2.1218772258372747 4.37436196335972 2.121877225837383 2.1218772258374847 1.0609386129186935 2.1218772258372263 3.0007875504695596 2.3723308584403 2.1218772258375145 2.121877225837295 2.121877225837222 3.0007875504698367 2.37233085844044 3.0007875504697745 2.121877225837157 1.0609386129186325 1.5003937752346779 2.1218772258372955 1.0609386129187086 4.3743619633600215 0.0 2.121877225837509 2.121877225837235 1.0609386129186298 3.000787550469596 2.121877225837417 2.1218772258372502 2.121877225837351 1.0609386129187095 2.1218772258372374 2.1218772258371605 2.121877225837214 1.0609386129187959 2.1218772258374545 1.5003937752349021 1.0609386129186393 4.374361963359818 2.121877225837403 2.121877225837318 3.354982474442593 2.1218772258372676 1.0609386129186595
200.0052461206074 1.0609386129184646 2.1218772258371237 2.372330858440588 4.374361963360017 4.37436196335985 2.1218772258374123 2.1218772258373995 2.121877225837499 2.121877225837373 0.0 1.060938612918545 2.121877225837471 4.374361963359854 2.121877225837364 2.1218772258372396 2.121877225837378 2.121877225837562 3.0007875504697905 1.0609386129186977 0.0 1.0609386129188942 1.0609386129186005 3.000787550469866 2.37233085844058 4.374361963359916 4.374361963360023 2.1218772258373915 1.0609386129186362 1.0609386129185456 2.1218772258371765 1.060938612918658 4.374361963359716 4.374361963360029 0.0 2.3723308584405616 2.121877225837378 1.06093861291866 2.121877225837332 2.372330858440622 1.0609386129186489 2.121877225837318 2.121877225837278 2.1218772258372613 2.1218772258373684 1.5003937752349195 2.1218772258374776 1.5003937752349612 0.0 0.0 2.121877225837311 1.0609386129186582 1.0609386129186618 2.1218772258372973 2.1218772258374083 1.0609386129186926 2.121877225837367 1.0609386129185758 4.374361963359759 2.1218772258371827 1.0609386129186522 2.1218772258373693 1.0609386129186043 1.0609386129186964 2.121877225837341 2.121877225837203 2.121877225837362 2.1218772258371663 4.3743619633599415 1.500393775234951 1.500393775234828 3.0007875504698722 3.000787550469801 3.0007875504695356 1.060938612918694 2.1218772258373804 1.5003937752348877 2.121877225837568 2.3723308584405762 2.3723308584403573 2.1218772258372893 1.0609386129186096 2.1218772258371117 2.1218772258372196 2.121877225837378 2.1218772258373875 1.0609386129186864 3.000787550469574 2.1218772258372858 2.121877225837221 4.374361963359848 4.374361963359999 1.0609386129186127 4.374361963359865 0.0 1.0609386129186225 2.12187722583735 2.1218772258371934 2.12187722583716 2.1218772258373795 4.374361963359716 2.1218772258373595 1.0609386129187004 2.121877225837299 3.0007875504696293 0.0 2.121877225837244 1.0609386129186367 2.1218772258374092 2.121877225837428 2.1218772258372702 2.1218772258372396 0.0 1.0609386129186429 3.000787550469661 0.0 1.0609386129186495 1.0609386129187282 2.121877225837282 1.0609386129187 2.1218772258373835 2.1218772258374954 2.1218772258374408 2.1218772258374945 3.0007875504697945 1.5003937752347114 1.0609386129186051 1.060938612918651 2.121877225837324 2.121877225837037 2.1218772258374763 2.1218772258372436 2.1218772258374545 2.3723308584405594 1.0609386129186171 2.372330858440593 2.121877225837266 3.0007875504697 1.0609386129186902 2.1218772258373235 4.3743619633600614
210.0052461206074 2.121877225837434 2.12187722583732 2.3723308584404057 2.3723308584406286 2.3723308584405878 2.1218772258372534 2.1218772258374603 2.3723308584406118 2.372330858440642 2.372330858440504 2.1218772258373493 1.5003937752349612 2.1218772258372876 2.1218772258374217 2.1218772258372836 2.1218772258374394 2.1218772258372884 4.37436196335982 2.1218772258370833 2.1218772258375047 2.1218772258373404 2.121877225837159 2.121877225837368 2.3723308584402836 2.1218772258372836 2.1218772258371605 2.121877225837355 1.0609386129186904 1.0609386129184823 1.0609386129186094 1.06093861291892 1.060938612918668 1.060938612918434 2.372330858440514 2.121877225837401 2.1218772258371166 1.0609386129186242 1.060938612918653 0.0 2.1218772258373475 1.0609386129184255 2.121877225837459 3.000787550469645 1.0609386129186387 4.374361963359976 2.1218772258374643 1.0609386129186344 2.1218772258373826 0.0 2.1218772258372383 1.0609386129185594 2.1218772258374137 2.372330858440598 2.3723308584405847 0.0 1.0609386129186105 2.1218772258371965 4.374361963360017 3.3549824744426306 2.1218772258370993 4.374361963360088 1.5003937752349292 2.1218772258371965 2.121877225837335 2.1218772258371006 2.121877225837207 4.374361963359952 4.374361963359785 2.1218772258372556 2.1218772258372316 2.1218772258374052 4.3743619633599335 2.1218772258374456 2.1218772258373106 2.1218772258371192 4.374361963359939 2.3723308584405713 4.3743619633597906 4.37436196335992 2.372330858440425 2.121877225837452 4.3743619633598225 1.0609386129185 2.121877225837393 2.3723308584403835 1.5003937752349097 2.1218772258372187 4.374361963359725 2.1218772258371272 4.374361963359917 4.374361963359994 1.0609386129186134 1.0609386129187095 2.1218772258373337 1.0609386129185752 1.060938612918687 1.060938612918791 1.0609386129186336 1.060938612918743 2.1218772258372263 4.374361963359956 2.121877225837123 2.1218772258372827 1.5003937752348886 0.0 2.1218772258373315 1.0609386129186835 1.0609386129186336 1.0609386129187914 4.374361963359863 3.0007875504697505 2.121877225837261 1.0609386129187328 2.121877225837423 2.1218772258373058 1.0609386129186684 3.000787550469601 1.9126342844988562 1.060938612918606 1.0609386129186913 1.0609386129186082 1.060938612918645 3.000787550469644 2.1218772258373546 1.0609386129184095 3.0007875504697097 1.0609386129186849 2.121877225837328 2.121877225837405 1.060938612918641 2.1218772258373337 1.4853140580860618 1.0609386129186051 1.0609386129186313 1.060938612918692 1.0609386129186755 1.0609386129186014 1.0609386129186729 0.7426570290429789 2.1218772258371077
220.0052461206074 1.0609386129187965 1.060938612918611 2.372330858440477 0.0 4.374361963360063 1.0609386129186071 2.121877225837275 1.060938612918682 2.3723308584403986 2.121877225837238 2.1218772258372076 4.374361963359911 1.0609386129187541 2.121877225837394 1.0609386129185632 2.121877225837383 1.0609386129185785 2.121877225837487 1.060938612918717 2.1218772258373195 2.1218772258374416 2.1218772258371006 2.1218772258371716 2.121877225837243 2.12187722583716 2.1218772258371317 3.0007875504698114 0.0 2.1218772258374736 1.0609386129186802 2.1218772258371694 3.000787550469768 4.3743619633598065 1.0609386129185217 2.3723308584404585 2.12187722583719 2.1218772258374012 1.0609386129186784 2.3723308584405025 2.1218772258373146 2.121877225837173 2.121877225837171 2.372330858440364 2.121877225837155 1.0609386129188154 4.374361963360081 2.121877225837202 2.1218772258373133 2.121877225837391 2.3723308584402756 3.0007875504695236 2.121877225837164 1.0609386129186835 2.372330858440458 1.0609386129186653 2.1218772258373373 1.0609386129186027 2.372330858440609 1.060938612918672 2.1218772258374723 3.000787550469769 3.000787550469798 2.1218772258372116 2.1218772258372063 1.0609386129186489 0.0 3.0007875504696684 2.1218772258372574 1.500393775235027 1.500393775234958 1.0609386129186436 0.0 2.3723308584403333 2.1218772258373773 1.060938612918773 2.1218772258373293 0.0 3.0007875504696595 4.374361963359954 3.000787550469699 1.0609386129186291 3.0007875504695916 2.121877225837324 2.121877225837433 4.374361963360008 3.000787550469608 1.500393775234867 1.0609386129186493 2.1218772258374403 3.0007875504698722 2.1218772258373018 2.1218772258372955 1.060938612918756 4.3743619633600455 2.121877225837269 2.121877225837224 1.060938612918637 2.1218772258373186 2.121877225837328 4.374361963359869 4.374361963359878 2.1218772258373044 1.0609386129186573 4.374361963359948 3.0007875504699015 2.1218772258372858 1.0609386129188005 1.0609386129186584 2.1218772258372196 2.3723308584403795 2.1218772258373817 2.3723308584405003 2.1218772258372387 2.1218772258372924 2.1218772258372316 1.0609386129186924 2.121877225837227 2.1218772258373595 4.374361963359874 1.060938612918657 2.1218772258372933 1.060938612918651 4.374361963359738 1.5003937752347853 2.121877225837297 1.060938612918667 2.1218772258374634 1.0609386129186822 1.0609386129186735 1.06093861291865 1.0609386129188434 0.0 1.060938612918665 2.121877225837245 2.1218772258373217 0.0 1.0609386129187297 3.0007875504697883 1.485314058086131 1.0609386129186864
230.0052461206074 2.1218772258374714 1.0609386129186076 2.372330858440535 1.0609386129185707 4.374361963359936 2.372330858440582 2.121877225837283 2.1218772258371326 0.0 4.374361963359736 1.0609386129184954 1.0609386129186216 2.1218772258373337 1.0609386129186227 2.121877225837231 2.121877225837459 0.0 2.121877225837134 4.374361963359813 2.372330858440508 1.0609386129186076 2.121877225837196 1.0609386129187754 0.0 2.1218772258370655 1.0609386129186735 1.500393775234727 1.0609386129186493 2.1218772258374448 2.1218772258374146 2.1218772258371703 2.1218772258372254 3.0007875504697243 2.372330858440347 2.1218772258374674 1.5003937752348508 3.0007875504699113 1.0609386129186986 1.0609386129187477 2.121877225837292 2.1218772258373244 2.121877225837335 2.372330858440507 2.121877225837442 1.0609386129185858 2.121877225837188 2.121877225837246 0.0 2.1218772258372685 1.0609386129186216 1.0609386129185743 2.121877225837345 4.3743619633599025 0.0 4.374361963359872 4.37436196336002 2.121877225837213 2.1218772258373293 1.0609386129185934 2.121877225837475 2.121877225837291 4.374361963359756 1.0609386129188685 2.1218772258371126 2.121877225837367 0.0 2.1218772258373626 1.5003937752349192 4.3743619633597906 1.0609386129186544 2.372330858440454 2.1218772258373173 3.0007875504696435 4.374361963359787 1.0609386129186982 2.1218772258372605 2.372330858440292 0.0 2.372330858440343 4.374361963360029 1.0609386129184981 2.121877225837147 2.12187722583738 2.1218772258371392 2.37233085844048 1.5003937752348568 2.121877225837307 1.0609386129186058 1.5003937752350078 2.1218772258373546 2.1218772258372542 2.121877225837165 2.1218772258372685 2.121877225837255 2.1218772258374123 2.121877225837259 2.121877225837187 2.1218772258373884 2.121877225837287 2.1218772258372747 2.1218772258373697 2.12187722583724 1.0609386129184113 1.500393775234892 1.5003937752349152 1.0609386129186256 2.121877225837312 2.1218772258372205 1.0609386129185696 2.121877225837159 1.060938612918626 3.0007875504696626 1.5003937752347891 1.0609386129186074 2.1218772258373675 1.0609386129186231 1.060938612918581 2.121877225837299 2.121877225837299 4.374361963360061 1.0609386129185978 6.3656316775118 3.3549824744427075 4.374361963359805 1.0609386129186693 4.374361963359804 1.0609386129184977 2.1218772258372463 1.0609386129184672 1.0609386129186376 2.1218772258372023 2.121877225837121 2.1218772258373364 1.0609386129186056 2.1218772258373044 2.121877225837335 1.060938612918541 2.121877225837355 2.372330858440352 1.0609386129186886
240.0052461206074 2.3723308584402867 1.0609386129186957 4.374361963360019 4.374361963359841 2.3723308584402027 1.060938612918691 1.0609386129186813 1.060938612918632 2.121877225837181 2.3723308584403715 2.1218772258375465 4.374361963359941 4.374361963359996 1.0609386129186926 1.0609386129185905 1.0609386129186915 1.5003937752349024 2.121877225837105 0.0 2.1218772258373995 4.374361963359997 1.0609386129186287 3.0007875504696617 3.000787550469651 1.060938612918615 2.1218772258374368 2.372330858440418 2.1218772258373955 1.0609386129185454 2.1218772258374505 2.1218772258372 2.1218772258371517 4.374361963359853 2.1218772258373524 4.374361963359765 2.372330858440308 1.0609386129187 2.1218772258373932 4.374361963359723 4.374361963360021 2.1218772258373324 1.5003937752349943 2.1218772258373977 1.0609386129186495 4.37436196335994 2.121877225837412 2.121877225837482 2.1218772258372507 2.1218772258373404 2.1218772258373724 1.0609386129187932 2.121877225837149 1.0609386129187046 4.374361963360037 1.5003937752348433 2.1218772258373155 2.121877225837367 1.0609386129186056 0.0 2.121877225837278 2.3723308584404825 2.1218772258374323 1.0609386129185077 1.0609386129186706 1.0609386129186575 2.3723308584405776 1.0609386129187774 4.374361963360044 1.5003937752347811 1.0609386129186409 3.0007875504697905 1.0609386129186236 1.5003937752350403 2.1218772258372867 2.1218772258374137 2.3723308584403857 2.3723308584405203 1.0609386129186167 2.1218772258372263 1.0609386129186706 1.0609386129187994 1.0609386129186484 2.1218772258372915 1.0609386129186495 2.3723308584404985 2.121877225837109 1.5003937752347143 1.0609386129186056 1.0609386129188387 2.372330858440438 1.5003937752349192 0.0 2.121877225837143 1.500393775234874 2.1218772258371805 1.5003937752349379 2.121877225837336 2.121877225837343 1.0609386129188372 1.0609386129186713 3.0007875504698145 2.121877225837284 1.500393775235029 2.121877225837231 4.374361963359879 1.060938612918651 2.1218772258372907 1.0609386129186031 1.0609386129186338 2.372330858440596 4.374361963360024 4.374361963359999 2.3723308584405975 2.1218772258372964 2.121877225837213 1.0609386129186855 1.0609386129186298 2.12187722583736 1.5003937752348375 2.121877225837299 2.121877225837376 1.060938612918683 1.06093861291863 4.374361963359891 4.374361963359837 2.1218772258374514 1.0609386129185312 1.0609386129186753 1.0609386129187983 2.121877225837143 2.1218772258372693 3.0007875504697665 2.1218772258372702 1.0609386129186749 1.0609386129188767 1.0609386129186775 1.0609386129186236 4.374361963359706 2.1218772258371232 4.374361963359996
250.0052461206074 2.372330858440599 1.0609386129186398 4.374361963359888 0.0 6.365631677511841 2.1218772258371366 2.121877225837109 1.0609386129186522 2.3723308584405904 0.0 2.1218772258371144 4.374361963359792 1.0609386129185197 6.365631677512091 1.0609386129186855 2.1218772258373715 2.1218772258374106 4.374361963359736 0.0 2.1218772258371112 4.374361963359857 2.1218772258373075 1.0609386129186478 4.37436196335996 1.0609386129184157 2.1218772258372924 1.060938612918811 2.1218772258372764 1.0609386129186205 1.0609386129186011 1.0609386129185436 4.374361963360088 3.000787550469729 4.374361963359796 3.0007875504698265 2.12187722583724 1.0609386129188603 2.121877225837243 1.060938612918786 2.3723308584403564 1.0609386129185678 2.121877225837107 3.000787550469862 1.0609386129186342 2.1218772258371232 1.0609386129186502 2.121877225837235 1.0609386129186191 2.1218772258372227 2.12187722583722 2.12187722583741 1.5003937752349161 2.121877225837217 2.1218772258373915 4.374361963359818 0.0 2.1218772258372285 1.0609386129186125 2.1218772258374012 1.0609386129186482 0.0 4.374361963359761 1.0609386129188405 2.121877225837455 1.0609386129185674 2.3723308584405616 1.0609386129186953 2.121877225837208 3.3549824744425574 2.121877225837467 3.0007875504696706 2.121877225837299 2.1218772258374847 2.1218772258375007 1.060938612918669 0.0 2.3723308584403595 1.0609386129186829 2.3723308584405265 3.0007875504697905 2.1218772258370846 2.3723308584406033 2.1218772258371357 2.121877225837396 4.374361963360015 3.000787550469785 2.121877225837395 3.0007875504697337 2.12187722583742 0.0 2.121877225837199 2.1218772258373084 2.121877225837307 1.0609386129186256 1.500393775234717 3.3549824744425756 2.1218772258372667 1.0609386129186353 4.3743619633598785 2.1218772258375074 2.121877225837331 4.374361963359884 2.1218772258375624 1.060938612918707 0.7426570290429086 1.060938612918705 2.121877225837188 2.1218772258371024 2.1218772258372836 2.121877225837424 3.000787550469741 2.372330858440384 2.121877225837439 4.374361963359757 1.0609386129186764 2.1218772258375007 1.0609386129188099 2.121877225837296 1.0609386129186615 2.3723308584402867 0.0 4.374361963359935 3.0007875504697505 1.9126342844989062 1.5003937752348893 3.0007875504698425 2.121877225837318 0.0 2.1218772258374172 1.060938612918698 2.1218772258375123 3.0007875504698673 2.121877225837351 1.0609386129186897 2.121877225837303 2.1218772258371104 0.0 1.0609386129186515 0.0 2.121877225837452
260.0052461206074 2.3723308584405443 2.121877225837184 0.0 2.1218772258372134 4.374361963359888 1.0609386129186535 3.0007875504698585 1.0609386129186424 3.0007875504697616 4.374361963359911 2.1218772258371628 1.0609386129186955 2.1218772258373066 2.1218772258373177 2.121877225837378 2.1218772258372436 1.0609386129188065 2.121877225837193 3.0007875504699335 1.0609386129187017 3.0007875504697434 1.5003937752348722 1.5003937752348184 4.374361963359714 2.1218772258372574 1.060938612918654 1.0609386129187552 2.1218772258371192 2.1218772258374456 2.121877225837322 1.0609386129184746 2.1218772258373897 1.0609386129185194 4.374361963359911 2.3723308584402707 2.121877225837354 2.1218772258372285 1.0609386129186222 0.0 2.1218772258373537 0.0 2.1218772258371175 2.3723308584404075 1.0609386129186138 1.0609386129185383 2.121877225837358 2.121877225837341 4.37436196336 1.500393775234826 2.3723308584403875 1.0609386129188234 1.0609386129186462 2.3723308584404235 4.374361963359988 1.5003937752348293 4.374361963359747 1.0609386129185743 1.0609386129186764 2.1218772258374257 1.0609386129186602 2.121877225837305 2.121877225837125 2.1218772258371956 2.1218772258374115 2.121877225837364 1.0609386129186353 2.121877225837215 1.060938612918664 0.0 2.1218772258372947 4.374361963359808 2.3723308584403235 1.5003937752349255 2.1218772258373124 1.0609386129187786 1.060938612918689 2.121877225837225 1.0609386129186957 2.12187722583738 3.0007875504696178 2.1218772258374385 2.1218772258373053 1.060938612918725 2.121877225837228 4.374361963359837 2.1218772258374994 2.1218772258371907 1.060938612918628 1.060938612918466 4.374361963359821 1.0609386129185552 3.000787550469783 2.121877225837297 2.3723308584403706 2.121877225837222 2.121877225837239 2.1218772258373693 1.0609386129186635 2.121877225837235 1.0609386129186416 1.0609386129184577 4.37436196336006 2.1218772258372405 2.1218772258374736 2.372330858440458 4.37436196335994 1.0609386129184917 2.121877225837309 4.374361963359626 2.1218772258371033 1.060938612918551 2.121877225837255 3.354982474442669 4.374361963359944 2.12187722583723 4.374361963360025 2.121877225837319 2.121877225837506 3.0007875504695805 4.374361963359781 0.0 2.121877225837227 4.374361963359707 1.0609386129187033 1.0609386129187974 2.1218772258371885 2.1218772258373613 2.1218772258371503 2.1218772258372254 1.0609386129186653 1.0609386129186544 4.374361963359695 1.0609386129185019 2.121877225837475 2.121877225837323 2.3723308584402756 2.121877225837459 3.0007875504696644 2.1218772258372653 0.0
270.0052461206074 2.1218772258370775 2.121877225837366 0.0 0.0 2.3723308584406286 2.121877225837297 4.374361963359824 2.12187722583712 2.3723308584405673 0.0 2.121877225837444 3.000787550469581 1.0609386129186515 4.374361963359796 2.1218772258372325 2.372330858440453 1.0609386129187977 2.121877225837422 2.121877225837208 1.0609386129186935 4.37436196335989 2.121877225837349 2.1218772258373324 0.0 2.1218772258372867 1.0609386129186253 2.121877225837302 2.121877225837311 2.121877225837463 2.1218772258371783 2.121877225837392 3.354982474442596 2.121877225837302 2.12187722583729 2.372330858440288 1.0609386129186942 1.0609386129186722 4.374361963359713 1.0609386129187597 2.372330858440538 1.0609386129187273 1.0609386129186624 2.1218772258374408 1.0609386129186515 2.121877225837195 2.1218772258373253 4.374361963360058 2.121877225837206 2.121877225837475 0.0 4.374361963360136 2.121877225837371 2.121877225837433 2.3723308584405496 0.0 1.0609386129186662 2.1218772258374443 2.1218772258374567 1.0609386129185345 2.121877225837327 0.0 2.121877225837253 2.1218772258374234 2.121877225837395 1.0609386129183838 2.372330858440418 1.060938612918659 1.0609386129187017 1.5003937752348626 1.0609386129186185 2.1218772258373293 2.12187722583751 4.374361963359672 1.060938612918672 2.1218772258371583 2.1218772258372196 6.365631677511991 2.121877225837243 2.1218772258373675 1.5003937752347904 1.060938612918672 2.372330858440365 0.0 1.060938612918673 2.3723308584405958 3.000787550469791 2.1218772258371947 3.0007875504695614 4.37436196335984 0.0 1.0609386129186542 2.121877225837408 2.1218772258372094 1.060938612918665 2.121877225837322 1.0609386129186358 2.1218772258373617 1.0609386129186218 1.060938612918709 4.374361963359706 2.1218772258371668 2.1218772258371783 1.060938612918612 4.374361963359767 2.1218772258373004 2.121877225837421 2.1218772258370366 3.0007875504696866 1.5003937752347414 2.372330858440304 2.121877225837374 3.000787550469759 2.3723308584406757 1.0609386129186307 2.121877225837294 2.1218772258374945 1.0609386129185863 2.1218772258371748 1.0609386129186473 4.37436196335989 1.0609386129185119 2.1218772258372254 1.0609386129186262 2.372330858440393 2.121877225837166 3.000787550469712 2.1218772258373697 1.0609386129186709 1.0609386129185938 1.500393775234895 2.121877225837314 4.374361963359695 1.0609386129187366 2.1218772258371494 0.0 1.500393775234947 1.060938612918651 1.5003937752347356 1.0609386129185452 1.0609386129186869
280.0052461206074 2.121877225837221 2.121877225837412 4.374361963359848 2.1218772258372356 1.5003937752348946 2.3723308584404017 2.121877225837359 1.0609386129186544 1.0609386129186107 2.3723308584405265 1.0609386129188378 4.374361963359886 2.1218772258373537 1.060938612918676 2.1218772258372955 2.3723308584405425 0.0 0.0 1.0609386129186336 1.0609386129186185 1.0609386129187472 1.06093861291862 3.000787550469654 2.372330858440408 2.121877225837119 2.121877225837495 1.5003937752349124 4.374361963360017 1.0609386129183995 1.0609386129186706 4.374361963359995 3.000787550469672 1.060938612918724 3.0007875504696626 2.3723308584403426 2.121877225837213 3.000787550469631 1.060938612918693 1.0609386129187763 2.1218772258374856 2.1218772258371263 4.243754451674587 2.372330858440424 1.060938612918649 1.0609386129187317 1.0609386129186626 3.000787550469878 2.1218772258372414 2.121877225837253 4.374361963359814 2.121877225837231 2.1218772258374003 2.1218772258372907 4.374361963359937 0.0 0.0 1.5003937752348886 1.0609386129186975 1.0609386129185439 1.0609386129186877 4.374361963359796 2.121877225837219 2.1218772258373617 3.0007875504698056 1.060938612918714 2.121877225837312 1.0609386129187421 1.0609386129186136 1.0609386129186955 1.0609386129186928 2.1218772258373884 4.374361963359922 2.1218772258373826 2.1218772258371312 2.1218772258373146 1.0609386129186902 1.060938612918465 1.0609386129186427 0.0 2.121877225837302 2.121877225837307 2.1218772258372307 1.0609386129184877 1.060938612918626 2.3723308584405713 1.0609386129186857 2.121877225837367 2.121877225837207 1.0609386129188358 2.1218772258371525 1.0609386129186518 2.1218772258372827 1.0609386129186436 0.0 1.0609386129187617 4.374361963359713 2.1218772258374035 2.121877225837138 2.1218772258372094 1.0609386129185188 4.374361963359895 2.1218772258373266 2.121877225837117 1.0609386129186338 4.374361963359912 1.5003937752346905 2.1218772258374154 2.1218772258371428 2.1218772258372716 2.3723308584404417 1.060938612918599 0.0 2.121877225837236 1.5003937752349419 2.1218772258371974 1.0609386129186276 1.0609386129187022 3.000787550469752 1.0609386129185792 2.1218772258373066 2.372330858440241 2.121877225837499 2.1218772258372094 2.3723308584404794 1.0609386129187934 2.121877225837249 1.060938612918719 2.1218772258371374 2.1218772258375527 2.1218772258374883 2.1218772258373058 0.7426570290430063 1.0609386129185892 2.1218772258372876 4.374361963360049 1.0609386129186698 1.0609386129186218 3.0007875504696426 2.3723308584404443 4.374361963359927
290.0052461206074 2.3723308584403417 4.374361963359784 4.37436196335988 0.0 2.1218772258372987 2.3723308584405354 2.1218772258374763 2.1218772258371215 2.12187722583735 3.0007875504698247 1.060938612918465 1.0609386129186222 1.060938612918854 2.121877225837324 2.1218772258372662 2.121877225837306 1.5003937752348193 3.0007875504697243 0.0 2.121877225837291 4.374361963359774 2.121877225837355 2.121877225837463 2.121877225837369 1.0609386129187384 2.1218772258374825 2.1218772258372036 2.1218772258371525 2.1218772258372125 2.1218772258372796 2.1218772258373324 2.1218772258373044 3.000787550469692 4.374361963360036 2.3723308584403164 2.3723308584404803 1.0609386129184337 2.1218772258371437 2.121877225837409 4.374361963359915 2.121877225837208 2.1218772258374385 2.121877225837353 1.0609386129186607 1.0609386129185177 2.121877225837263 4.374361963359892 2.121877225837364 2.121877225837487 0.0 1.0609386129186809 2.1218772258374283 2.1218772258374248 4.3743619633600215 1.5003937752346432 1.0609386129186766 4.374361963360124 2.12187722583733 2.121877225837157 2.121877225837389 2.372330858440521 1.0609386129186515 1.0609386129186449 1.0609386129186853 1.0609386129186793 2.121877225837447 2.1218772258373875 1.0609386129186673 3.0007875504695445 2.1218772258371112 2.1218772258372676 4.374361963360016 3.0007875504697523 0.0 1.0609386129187597 1.0609386129186542 2.3723308584405047 2.1218772258371916 4.374361963359879 2.121877225837429 1.0609386129186003 0.0 2.1218772258371894 2.121877225837148 2.372330858440459 3.0007875504696333 1.5003937752348908 1.0609386129186775 2.1218772258372622 2.1218772258371814 2.1218772258373146 4.374361963359713 2.1218772258373715 2.121877225837338 1.5003937752348584 1.0609386129186735 1.0609386129184712 2.121877225837359 4.374361963359959 2.1218772258372782 2.121877225837195 4.374361963359859 2.121877225837163 1.0609386129186782 0.742657029043085 3.0007875504698465 1.0609386129187028 1.0609386129186866 1.0609386129184777 4.374361963359706 4.374361963359973 0.0 0.0 1.5003937752348053 1.0609386129184828 2.1218772258371423 2.1218772258373337 1.0609386129186575 1.0609386129186735 1.0609386129186331 1.0609386129188714 2.1218772258372156 1.500393775234805 2.1218772258372947 1.0609386129187957 4.37436196335974 1.5003937752348966 1.5003937752348715 1.0609386129186635 1.0609386129186467 1.0609386129184577 1.4853140580862239 2.121877225837391 1.0609386129186165 1.0609386129184613 1.0609386129187988 1.0609386129187395 2.121877225837188 2.121877225837191 3.0007875504697346
300.0052461206074 2.1218772258371614 2.121877225837467 4.374361963359879 1.060938612918683 3.0007875504698265 0.0 2.1218772258373586 1.0609386129186422 1.5003937752350485 2.121877225837134 1.0609386129187044 2.121877225837399 2.12187722583734 1.0609386129187035 1.060938612918805 1.0609386129186047 1.0609386129185492 2.1218772258373257 2.121877225837226 2.1218772258371548 3.3549824744426306 2.1218772258373475 2.1218772258372445 2.372330858440555 2.121877225837223 4.374361963359728 1.0609386129187204 1.5003937752349088 2.1218772258373932 2.1218772258373315 2.1218772258374092 1.060938612918628 4.374361963359846 4.374361963360073 4.374361963359895 2.1218772258372454 1.060938612918643 2.1218772258372987 2.121877225837359 2.1218772258371024 2.121877225837283 0.0 1.0609386129187675 2.121877225837384 1.0609386129187226 1.0609386129186622 0.0 2.1218772258372165 1.0609386129186695 4.374361963359979 1.0609386129187561 1.0609386129186955 1.060938612918611 2.372330858440569 2.3723308584402023 2.12187722583721 2.1218772258372467 1.0609386129186944 1.0609386129185046 1.0609386129186746 2.121877225837139 2.1218772258371805 2.121877225837394 4.374361963360036 2.121877225837327 2.121877225837355 1.0609386129187337 2.121877225837328 1.0609386129187075 1.0609386129186473 1.060938612918748 2.3723308584402387 1.0609386129186142 4.374361963359893 1.060938612918834 2.121877225837323 2.121877225837464 2.121877225837241 1.5003937752347591 2.121877225837159 1.0609386129186544 0.0 0.0 2.1218772258372702 2.37233085844031 3.000787550469826 2.1218772258372596 2.1218772258374887 2.12187722583748 2.1218772258374172 2.1218772258372907 4.374361963359786 1.0609386129188167 4.374361963359928 2.1218772258373124 2.121877225837343 2.1218772258373626 1.5003937752348842 2.1218772258374035 2.1218772258371446 4.374361963359872 2.121877225837393 1.060938612918556 2.121877225837278 1.0609386129185263 6.3656316775118915 2.372330858440239 1.0609386129186236 2.1218772258374887 4.374361963359729 1.5003937752347867 3.000787550469731 2.3723308584405443 3.0007875504698247 1.0609386129184946 2.121877225837467 2.121877225837209 0.0 1.0609386129187384 1.060938612918711 2.1218772258372436 2.1218772258373626 4.374361963359808 2.121877225837175 2.121877225837235 1.0609386129186833 1.0609386129188236 1.0609386129186895 1.0609386129185496 2.121877225837262 2.121877225837251 3.000787550469814 1.0609386129188243 2.1218772258372045 2.121877225837121 4.3743619633598145 1.500393775235049 2.1218772258372622 4.37436196335986 2.372330858440454
310.0052461206074 2.1218772258373866 2.121877225837327 2.3723308584403124 2.121877225837334 4.374361963359937 0.0 1.0609386129187788 2.3723308584403733 2.1218772258373764 2.3723308584404017 4.374361963359974 2.12187722583739 1.0609386129186589 2.121877225837359 2.121877225837339 2.1218772258371805 2.1218772258372516 2.1218772258374923 3.0007875504698336 1.0609386129186749 1.5003937752347873 2.1218772258374226 2.121877225837432 1.5003937752347984 4.374361963359973 3.3549824744426617 2.121877225837234 1.0609386129186817 2.1218772258372782 1.0609386129186245 2.121877225837315 2.1218772258373457 1.0609386129188192 0.0 2.37233085844048 1.0609386129186542 1.0609386129185407 1.0609386129186174 1.0609386129187668 2.1218772258372613 1.060938612918797 1.0609386129186105 1.0609386129187164 3.000787550469766 1.0609386129186777 2.12187722583727 2.1218772258372627 2.1218772258373955 2.121877225837352 2.121877225837295 3.000787550469604 2.121877225837364 1.0609386129186205 2.372330858440354 2.3723308584405194 1.500393775234903 1.0609386129187213 1.0609386129186371 1.0609386129188252 1.5003937752349574 2.372330858440323 2.121877225837251 2.1218772258371748 1.5003937752347027 2.1218772258374203 2.1218772258373315 2.121877225837258 2.121877225837449 1.0609386129185827 2.121877225837247 2.121877225837258 1.4853140580862818 4.374361963359764 4.374361963359976 1.0609386129187892 2.372330858440309 0.0 1.0609386129186051 2.1218772258374683 1.0609386129187042 1.0609386129185874 2.121877225837181 2.121877225837422 2.1218772258371232 4.3743619633599495 2.121877225837122 1.0609386129185374 1.0609386129185967 1.0609386129187717 2.1218772258372924 2.121877225837179 1.0609386129186258 1.060938612918635 2.372330858440588 2.1218772258372596 2.1218772258374496 2.1218772258373937 0.0 1.0609386129187794 2.1218772258374075 2.1218772258372596 1.5003937752348975 4.3743619633597755 1.5003937752349787 4.374361963359911 1.0609386129186642 1.0609386129185552 2.12187722583728 1.0609386129188028 2.1218772258373186 3.0007875504697212 3.000787550469797 0.0 2.121877225837365 1.060938612918629 1.0609386129186809 2.121877225837344 1.06093861291864 1.0609386129188338 2.121877225837274 0.0 1.0609386129186538 4.374361963359853 2.121877225837293 1.0609386129187075 4.374361963359752 2.1218772258374043 2.121877225837375 1.0609386129187501 4.374361963359731 1.0609386129187175 2.1218772258374887 2.1218772258373324 2.121877225837299 2.1218772258373066 2.372330858440475 1.5003937752348258 3.0007875504696453 2.3723308584404252 2.372330858440482
320.0052461206074 0.0 0.0 2.3723308584404514 2.1218772258371428 4.374361963359846 0.0 2.1218772258372467 2.121877225837484 1.0609386129187863 4.374361963359928 0.0 4.374361963359721 1.0609386129187912 1.060938612918612 2.1218772258372085 0.0 2.1218772258372365 2.1218772258372893 2.121877225837275 1.060938612918615 4.3743619633598065 2.1218772258372707 4.374361963359907 1.5003937752349923 1.0609386129188434 6.365631677511758 1.0609386129184877 3.0007875504697767 2.1218772258373777 1.0609386129186456 2.121877225837413 4.374361963359829 1.0609386129184921 2.3723308584402494 0.0 2.37233085844038 1.0609386129187028 2.121877225837323 2.121877225837215 1.0609386129186356 2.1218772258374474 2.1218772258371748 2.1218772258372325 1.0609386129186398 2.1218772258373715 1.0609386129186482 2.1218772258371943 2.3723308584405807 1.0609386129187344 2.3723308584406086 3.0007875504698434 1.0609386129186196 1.500393775234696 1.5003937752349215 1.060938612918804 2.372330858440424 1.0609386129187601 1.0609386129186735 2.121877225837249 1.0609386129186678 2.3723308584403626 1.0609386129186096 2.1218772258374297 1.5003937752347443 1.0609386129186607 2.12187722583751 0.0 2.1218772258373626 1.060938612918759 3.0007875504697226 1.5003937752348462 4.3743619633598545 2.121877225837323 1.0609386129186396 2.1218772258373244 1.0609386129186973 1.5003937752347294 1.060938612918697 2.372330858440387 1.5003937752348613 2.121877225837464 4.3743619633597355 2.121877225837336 1.0609386129186125 4.3743619633599335 4.374361963359888 1.0609386129187202 2.121877225837343 2.121877225837291 3.3549824744425867 2.1218772258373293 1.0609386129186018 2.1218772258373333 2.372330858440378 1.060938612918832 1.060938612918632 2.121877225837254 2.1218772258372054 4.374361963359816 2.1218772258373355 2.3723308584404075 1.0609386129186593 4.374361963359728 2.3723308584402836 0.7426570290428639 2.1218772258373693 1.0609386129186886 4.374361963359753 1.0609386129184568 1.5003937752349314 2.121877225837349 2.121877225837288 4.374361963360024 2.121877225837135 2.1218772258373417 2.121877225837273 2.121877225837414 3.0007875504698305 2.1218772258372165 1.500393775234799 2.1218772258371192 2.121877225837171 0.0 3.0007875504697235 2.1218772258372005 2.1218772258371765 2.1218772258372827 4.374361963360035 1.0609386129187892 2.121877225837411 1.060938612918726 2.1218772258371983 1.0609386129184395 3.0007875504696684 2.121877225837278 3.00078755046987 2.372330858440459 1.0609386129186222 1.0609386129188445 2.121877225837241
330.0052461206074 2.3723308584403626 2.1218772258373755 2.372330858440525 1.0609386129186575 2.121877225837334 1.0609386129186555 1.060938612918723 2.1218772258374616 2.1218772258373004 2.3723308584404537 2.121877225837321 1.0609386129186797 2.121877225837229 1.0609386129186404 1.060938612918798 2.1218772258372316 1.0609386129184935 4.374361963359768 2.121877225837332 1.0609386129186307 2.3723308584403955 1.0609386129186271 1.0609386129185356 2.3723308584404426 1.0609386129186666 2.121877225837104 2.121877225837361 1.0609386129186518 1.060938612918607 2.1218772258373777 1.060938612918699 2.1218772258372174 1.0609386129187552 3.0007875504698007 4.374361963359776 1.0609386129186222 1.060938612918517 2.121877225837281 1.0609386129187042 4.374361963360013 2.121877225837439 2.121877225837167 2.12187722583731 1.0609386129186562 1.0609386129187675 3.000787550469765 0.0 4.374361963359821 2.1218772258373937 4.374361963359725 2.121877225837402 1.0609386129186198 1.0609386129187603 2.1218772258374745 3.000787550469657 2.1218772258372565 0.0 2.1218772258372347 2.121877225837286 1.0609386129186487 2.1218772258373853 2.1218772258373293 1.0609386129188625 1.5003937752349081 2.121877225837488 4.37436196335991 1.500393775234707 1.0609386129186844 1.0609386129188638 2.1218772258372023 1.0609386129187495 1.4853140580859456 2.1218772258373044 1.0609386129186114 2.121877225837478 1.060938612918677 3.0007875504696764 1.0609386129186091 3.0007875504696537 2.121877225837191 2.1218772258373506 2.1218772258372995 1.0609386129188467 2.121877225837255 3.0007875504697346 3.000787550469686 2.1218772258372294 4.374361963359843 2.1218772258372707 2.1218772258374194 2.1218772258374026 0.0 1.060938612918628 1.0609386129188016 1.0609386129186658 2.1218772258374448 2.121877225837227 2.1218772258371787 4.374361963359821 3.000787550469879 3.0007875504698007 2.121877225837263 1.0609386129185623 4.374361963359861 1.4853140580861368 4.374361963359983 2.1218772258372285 1.060938612918671 2.121877225837164 2.121877225837251 1.5003937752347822 4.374361963359975 0.0 2.1218772258371428 2.1218772258373013 1.0609386129186453 2.121877225837326 1.0609386129187075 1.060938612918752 2.372330858440624 3.000787550469813 2.121877225837195 2.121877225837339 2.1218772258373004 2.1218772258371907 1.0609386129186718 2.121877225837386 2.12187722583729 1.0609386129186131 1.5003937752348278 0.0 0.0 2.121877225837297 1.0609386129186174 2.1218772258371437 3.000787550469625 1.0609386129186817 2.121877225837468 2.121877225837296 2.372330858440311
340.0052461206074 0.0 2.1218772258374297 2.121877225837223 4.374361963359798 0.0 0.0 2.1218772258374097 2.121877225837323 2.121877225837323 2.1218772258371246 2.121877225837363 1.0609386129186231 1.0609386129184797 1.0609386129186373 2.121877225837461 2.1218772258374066 2.121877225837201 2.12187722583742 4.3743619633599575 4.37436196335975 2.372330858440467 1.0609386129186575 1.0609386129187248 2.12187722583722 4.374361963359842 1.0609386129187015 1.060938612918865 2.121877225837172 2.1218772258372804 2.1218772258371033 1.0609386129185603 2.1218772258372516 2.1218772258373897 0.0 0.0 2.121877225837394 1.0609386129186424 2.12187722583748 4.3743619633598545 1.0609386129186444 1.0609386129188294 2.1218772258374163 2.121877225837237 2.121877225837292 2.121877225837133 1.0609386129186245 2.121877225837323 2.1218772258374057 1.060938612918799 0.0 1.060938612918665 1.0609386129186182 1.0609386129188132 2.372330858440606 4.374361963359956 1.0609386129188032 2.372330858440212 2.1218772258372973 2.1218772258372764 4.374361963359966 2.121877225837368 1.0609386129186578 1.0609386129186986 4.374361963359718 2.121877225837446 1.060938612918662 1.0609386129186165 1.0609386129186926 0.0 1.060938612918651 2.121877225837367 4.374361963359926 3.0007875504696657 2.1218772258371614 2.121877225837203 2.3723308584406095 2.121877225837318 2.1218772258373195 2.121877225837459 4.3743619633599655 1.0609386129186975 0.0 2.12187722583738 2.1218772258373346 0.0 6.3656316775120585 2.121877225837233 1.0609386129186846 1.0609386129187535 2.372330858440328 2.121877225837323 3.00078755046982 1.0609386129187495 4.374361963359738 2.121877225837347 1.0609386129186913 1.060938612918503 2.121877225837491 2.121877225837375 2.121877225837335 2.372330858440341 1.0609386129187057 4.374361963359862 2.1218772258371574 2.1218772258372764 2.1218772258374914 1.0609386129185188 4.374361963360006 2.121877225837297 2.372330858440443 2.1218772258372876 2.121877225837309 3.000787550469714 1.0609386129186715 4.374361963359787 1.5003937752348269 2.121877225837315 0.0 1.0609386129185436 2.121877225837169 2.3723308584406086 1.0609386129186185 0.0 2.1218772258373515 2.1218772258373626 1.0609386129186595 2.121877225837476 4.374361963359961 1.060938612918665 1.0609386129186573 1.0609386129186136 2.3723308584402893 1.0609386129188023 4.374361963359991 1.0609386129187608 1.060938612918647 2.1218772258373404 1.5003937752349612 2.121877225837488 3.0007875504695907
350.0052461206074 1.0609386129188438 2.1218772258373138 1.0609386129187515 2.1218772258373124 3.000787550469837 2.3723308584404537 4.37436196335996 1.0609386129186535 1.060938612918665 4.374361963359769 2.1218772258372876 1.0609386129186444 1.0609386129187663 2.1218772258372307 2.121877225837167 1.0609386129186873 1.060938612918615 4.374361963359998 2.121877225837318 1.0609386129186797 2.3723308584404634 1.0609386129186262 2.121877225837411 2.121877225837309 2.121877225837222 2.1218772258374687 1.0609386129186893 1.0609386129186473 2.121877225837279 2.1218772258372507 2.1218772258372907 2.121877225837319 1.0609386129187164 2.3723308584404452 0.0 1.0609386129187017 1.0609386129188334 2.1218772258371095 2.121877225837355 0.0 1.060938612918553 2.121877225837275 2.121877225837215 1.0609386129186353 1.0609386129187461 2.1218772258371077 2.1218772258372542 1.0609386129186567 3.000787550469786 4.374361963360006 2.1218772258371255 1.0609386129186815 4.374361963359937 3.000787550469785 2.3723308584404297 1.5003937752347911 4.3743619633600925 2.12187722583716 2.121877225837355 2.121877225837368 0.0 2.1218772258373284 1.060938612918674 1.0609386129186076 2.121877225837213 1.0609386129187122 2.1218772258373715 2.121877225837118 4.374361963359947 1.0609386129186076 2.121877225837362 1.4853140580859456 2.1218772258372662 1.0609386129185916 1.060938612918649 2.372330858440313 0.0 1.0609386129186853 2.121877225837413 4.3743619633599655 1.0609386129185976 0.0 2.121877225837351 1.0609386129186846 0.0 2.121877225837407 1.0609386129187761 0.0 2.121877225837312 0.0 2.1218772258372667 2.121877225837498 1.0609386129187843 4.374361963359969 1.0609386129186507 1.060938612918652 2.121877225837398 3.000787550469764 4.37436196335985 2.1218772258374554 4.374361963359936 1.060938612918625 3.000787550469698 2.1218772258371774 0.7426570290428951 2.1218772258372693 0.0 4.374361963359854 4.37436196335979 0.0 1.060938612918769 2.372330858440307 2.3723308584404155 2.121877225837341 1.0609386129188378 4.37436196335985 1.0609386129185736 4.374361963360014 1.0609386129186351 1.0609386129185991 2.3723308584404963 1.060938612918643 2.121877225837293 4.374361963359713 2.121877225837347 3.000787550469609 3.0007875504697874 2.121877225837433 2.121877225837338 1.0609386129186849 1.0609386129185172 0.0 2.1218772258374115 1.0609386129186649 2.121877225837329 1.0609386129188076 2.1218772258373804 2.121877225837409 1.0609386129186373 3.0007875504696147
360.0052461206074 2.1218772258371628 1.0609386129186975 1.5003937752349592 1.0609386129186875 2.1218772258371197 2.3723308584403897 2.1218772258373018 2.12187722583745 1.0609386129187544 2.372330858440608 2.1218772258372587 1.0609386129186815 1.060938612918553 2.121877225837279 1.0609386129188538 1.0609386129186316 1.0609386129186318 4.374361963359949 1.5003937752349785 1.0609386129186442 2.372330858440414 1.0609386129186396 1.0609386129187426 2.121877225837167 2.121877225837246 0.0 1.0609386129187295 1.0609386129186114 1.060938612918778 3.000787550469718 2.121877225837082 1.0609386129186185 1.0609386129187934 3.0007875504696866 2.3723308584403866 1.060938612918635 2.121877225837346 3.0007875504697337 1.0609386129185565 2.1218772258374976 1.0609386129187095 2.1218772258374425 1.0609386129186908 2.1218772258371397 2.1218772258372978 2.121877225837435 1.0609386129187128 1.5003937752349255 2.121877225837342 0.0 1.0609386129186413 2.121877225837173 2.12187722583725 2.12187722583731 2.37233085844044 1.0609386129186635 4.374361963359803 2.1218772258373364 2.1218772258372187 1.0609386129186607 2.372330858440575 1.0609386129187137 1.0609386129185179 1.5003937752348993 2.121877225837233 0.0 2.121877225837411 1.0609386129186233 1.0609386129187146 2.1218772258374288 1.060938612918523 0.7426570290430389 1.0609386129186835 2.12187722583725 2.121877225837204 0.0 4.374361963359794 2.1218772258371117 2.3723308584404914 2.1218772258374288 2.121877225837171 2.372330858440453 2.121877225837264 1.060938612918624 2.3723308584404177 1.0609386129186476 1.0609386129185014 2.121877225837258 2.1218772258373644 0.0 2.121877225837248 1.0609386129186258 2.1218772258372103 4.374361963359731 1.5003937752349235 2.1218772258371232 1.0609386129187024 2.1218772258372423 2.1218772258373395 2.1218772258372622 2.372330858440478 2.121877225837499 1.060938612918665 4.374361963360088 1.485314058086199 0.0 1.0609386129186056 1.500393775234917 1.5003937752348178 4.374361963359842 1.0609386129185316 2.3723308584404097 0.0 1.0609386129186593 1.060938612918845 1.0609386129186897 1.0609386129186436 4.3743619633599895 2.1218772258373475 1.0609386129186842 0.0 1.0609386129186735 1.5003937752346705 2.372330858440494 2.1218772258373173 1.0609386129186102 1.0609386129187677 2.1218772258372494 1.0609386129187064 1.0609386129186245 1.0609386129184872 4.374361963359944 1.06093861291883 2.1218772258371907 2.121877225837225 1.060938612918674 1.0609386129188305 1.0609386129186036 1.0609386129185854 2.1218772258373106
370.0052461206074 2.372330858440351 3.0007875504696524 3.0007875504696364 2.12187722583749 4.374361963359985 2.3723308584404115 4.374361963359824 2.1218772258371286 2.121877225837319 2.3723308584406237 2.121877225837371 2.1218772258373737 2.121877225837369 2.121877225837387 2.1218772258374146 2.1218772258372884 2.1218772258372582 2.121877225837213 2.12187722583736 2.121877225837264 2.121877225837356 1.0609386129186142 2.121877225837222 2.1218772258372254 2.121877225837276 3.000787550469723 1.0609386129185228 1.0609386129186065 2.1218772258373897 2.121877225837289 1.0609386129188227 0.0 2.1218772258373395 2.1218772258373426 2.1218772258371192 2.1218772258371534 2.1218772258373715 2.1218772258372205 2.1218772258372356 4.374361963359866 2.1218772258373058 2.1218772258372707 2.1218772258373533 2.121877225837257 2.1218772258373475 2.1218772258374936 4.374361963360029 2.121877225837222 2.121877225837243 4.374361963360018 4.374361963359894 2.1218772258374297 1.0609386129187435 0.0 1.0609386129186156 2.1218772258373066 2.3723308584405354 1.0609386129186422 2.1218772258374674 2.1218772258372316 2.372330858440294 4.374361963359785 2.1218772258372742 3.0007875504698394 2.1218772258372574 4.374361963360013 4.3743619633599735 2.1218772258373897 1.0609386129187537 1.0609386129186125 1.060938612918739 1.4853140580862214 1.060938612918579 1.0609386129186837 1.0609386129186424 3.0007875504697625 0.0 2.1218772258371943 2.121877225837239 3.0007875504697608 2.1218772258374066 3.0007875504697137 2.1218772258372507 2.1218772258372587 1.0609386129184564 4.374361963359878 1.500393775234745 1.5003937752349576 1.0609386129185971 2.372330858440284 2.1218772258373773 1.0609386129186753 4.37436196335996 2.3723308584403493 2.1218772258372467 1.0609386129186547 2.1218772258373146 2.1218772258371743 2.1218772258372463 1.0609386129186316 0.0 1.0609386129186367 2.1218772258373426 3.354982474442636 2.12187722583725 0.0 1.0609386129188014 1.0609386129185367 0.0 2.372330858440345 1.0609386129185012 0.0 3.000787550469686 3.0007875504697075 1.060938612918718 2.121877225837237 1.060938612918792 2.3723308584405793 4.374361963359808 2.121877225837443 0.0 2.121877225837171 2.121877225837363 2.1218772258372667 2.121877225837214 2.1218772258371086 2.1218772258372063 1.0609386129185763 3.0007875504694934 2.121877225837456 2.1218772258374097 4.374361963359733 1.0609386129186136 1.0609386129186664 1.060938612918722 1.0609386129187142 1.060938612918611 1.060938612918584 2.12187722583732 0.0
380.0052461206074 1.500393775234721 2.1218772258373226 2.1218772258373537 2.121877225837335 0.0 0.0 1.0609386129188334 3.0007875504697563 2.121877225837219 4.374361963359831 1.5003937752347805 4.37436196335984 2.121877225837391 3.0007875504698305 2.121877225837328 1.0609386129186447 2.1218772258373995 2.1218772258372356 2.1218772258372334 1.060938612918706 0.0 2.1218772258372183 1.060938612918545 2.121877225837285 1.060938612918837 1.0609386129186833 2.121877225837346 2.121877225837358 1.0609386129187057 1.0609386129187084 2.121877225837231 1.060938612918706 2.1218772258372707 2.3723308584406073 2.1218772258373937 2.121877225837383 2.1218772258373817 1.0609386129186185 3.0007875504697017 2.121877225837255 1.0609386129187246 2.121877225837311 2.1218772258372467 4.374361963359832 2.1218772258373124 1.5003937752349574 1.060938612918692 2.1218772258373586 1.0609386129185823 2.1218772258374363 4.374361963359839 1.0609386129185974 1.0609386129187701 2.1218772258372947 2.1218772258373293 1.0609386129186869 4.374361963359846 2.1218772258371392 1.0609386129188503 3.0007875504697745 4.374361963359865 2.121877225837146 2.1218772258373235 2.121877225837231 1.0609386129188019 2.121877225837308 2.1218772258373364 2.3723308584402676 3.0007875504696537 1.060938612918651 1.0609386129186107 2.1218772258371517 2.1218772258372742 2.1218772258374954 1.0609386129184963 2.3723308584406215 2.3723308584404466 1.0609386129186544 2.372330858440447 1.0609386129186134 1.0609386129186618 4.374361963359816 2.121877225837252 2.121877225837336 0.0 2.121877225837379 1.0609386129185754 2.1218772258373515 1.060938612918851 0.0 2.1218772258372742 1.5003937752347913 1.0609386129188394 2.3723308584402663 2.1218772258372507 1.0609386129185983 2.1218772258372205 4.374361963359835 3.000787550469723 1.5003937752349092 2.3723308584404554 1.0609386129186271 1.0609386129187774 4.374361963359946 0.7426570290428839 0.0 2.121877225837263 1.500393775234855 2.372330858440413 0.0 1.0609386129186016 2.372330858440254 2.121877225837379 2.121877225837358 2.1218772258373075 1.0609386129186769 1.0609386129186527 2.1218772258373377 2.121877225837259 1.06093861291864 2.3723308584403515 2.121877225837205 1.0609386129185736 1.5003937752348941 2.121877225837227 2.1218772258371263 1.0609386129186191 4.374361963360004 2.1218772258374594 4.374361963359734 2.1218772258372693 4.374361963359892 1.0609386129185294 1.0609386129186842 2.121877225837376 2.1218772258372924 2.1218772258372547 2.121877225837331 2.121877225837223 4.374361963360005
390.0052461206074 2.121877225837235 2.121877225837485 1.0609386129185434 2.1218772258371494 2.121877225837362 4.374361963359769 1.0609386129187428 1.060938612918632 2.121877225837204 0.0 4.374361963359776 2.1218772258372782 1.060938612918794 4.374361963359894 1.060938612918845 1.060938612918618 2.1218772258373892 1.0609386129186602 2.3723308584405567 1.0609386129186489 4.374361963360011 1.0609386129187093 2.1218772258372263 2.1218772258371725 1.0609386129185863 2.3723308584405514 1.0609386129185892 2.1218772258374514 1.0609386129184772 2.121877225837157 1.0609386129186802 1.0609386129186837 2.121877225837318 2.1218772258373364 2.121877225837329 1.060938612918636 1.0609386129187335 2.12187722583722 2.121877225837293 2.121877225837195 4.374361963359926 2.121877225837307 1.0609386129186331 1.0609386129186682 2.1218772258373186 2.1218772258373737 2.1218772258373972 2.121877225837328 1.060938612918645 2.3723308584403644 2.121877225837291 1.500393775234802 2.121877225837337 1.0609386129186844 1.060938612918667 1.500393775234834 3.00078755046979 2.121877225837192 2.121877225837203 1.0609386129186744 2.121877225837255 1.0609386129186629 2.121877225837276 2.1218772258374776 1.0609386129188039 2.3723308584403724 1.0609386129187752 2.121877225837312 1.0609386129188552 2.121877225837371 1.0609386129188523 2.372330858440569 2.3723308584405385 1.0609386129186178 2.1218772258372396 4.374361963359873 0.0 2.121877225837285 2.121877225837409 1.0609386129186702 1.500393775234808 1.0609386129186282 2.1218772258373764 1.0609386129186757 2.1218772258372653 1.0609386129186749 2.121877225837207 4.3743619633598 1.0609386129188394 2.121877225837473 1.0609386129188574 4.374361963360075 1.5003937752348953 3.000787550469649 1.0609386129184823 1.0609386129186436 1.0609386129186893 2.1218772258374328 2.121877225837284 2.1218772258374936 2.3723308584404554 4.374361963360053 2.1218772258372285 1.500393775234854 1.4853140580861754 2.121877225837133 1.0609386129188345 3.000787550469675 0.0 2.372330858440371 2.1218772258373995 2.372330858440289 2.3723308584404292 1.0609386129186131 1.060938612918759 2.1218772258374528 1.060938612918614 2.3723308584403373 3.0007875504698465 3.0007875504696426 2.372330858440357 1.060938612918625 2.12187722583732 2.12187722583714 1.0609386129185634 1.5003937752349816 0.0 1.0609386129185823 2.121877225837395 2.121877225837375 2.1218772258372414 2.3723308584405665 1.0609386129184601 2.3723308584404714 2.121877225837293 4.374361963359848 2.121877225837364 1.0609386129186662 1.0609386129186276 0.0
400.0052461206074 3.0007875504697448 1.0609386129187064 2.1218772258374017 4.374361963359855 2.3723308584404084 2.1218772258373204 1.0609386129188343 1.0609386129186402 1.0609386129185878 1.500393775234881 4.374361963359967 0.0 2.121877225837365 1.0609386129187188 1.0609386129184855 1.0609386129186846 1.0609386129186797 2.121877225837329 4.374361963359964 1.5003937752348495 2.121877225837346 2.1218772258372116 2.1218772258372423 1.0609386129185725 1.5003937752349472 2.1218772258373213 1.0609386129185079 4.374361963359938 2.121877225837283 2.121877225837408 1.0609386129184626 1.5003937752347893 1.0609386129186398 4.374361963359718 2.121877225837344 1.060938612918642 1.060938612918473 2.121877225837467 2.1218772258372445 4.3743619633600614 2.1218772258373986 2.1218772258373644 1.0609386129187728 1.0609386129186948 2.121877225837318 2.1218772258371303 2.3723308584405074 4.374361963359963 1.060938612918782 0.0 2.1218772258372205 2.1218772258374745 2.121877225837279 1.0609386129186298 1.0609386129185538 1.0609386129186227 2.3723308584404474 2.121877225837196 4.3743619633599335 1.0609386129186364 2.3723308584404887 2.1218772258371317 1.0609386129186458 2.121877225837199 1.0609386129185556 2.1218772258371192 2.1218772258372596 4.37436196335986 1.060938612918682 1.500393775234844 2.1218772258373724 4.37436196335976 2.1218772258373244 2.121877225837319 1.0609386129185352 2.1218772258372183 0.0 2.1218772258373555 2.372330858440542 4.374361963359941 4.243754451674644 3.000787550469601 1.0609386129185956 2.121877225837142 2.121877225837313 3.0007875504699024 2.121877225837263 1.0609386129186835 1.0609386129188048 2.1218772258371223 1.0609386129188498 3.0007875504695805 1.0609386129185532 4.37436196335997 2.121877225837221 2.121877225837247 1.0609386129186005 1.0609386129186695 2.121877225837305 6.365631677511922 0.0 2.1218772258374554 2.1218772258373524 3.000787550469765 1.0609386129188159 4.374361963359946 4.37436196335981 1.5003937752347574 1.5003937752348555 2.121877225837477 1.0609386129186893 3.000787550469777 2.1218772258373093 1.500393775234909 2.121877225837384 1.06093861291866 1.0609386129185847 4.37436196335997 2.1218772258372316 6.365631677512064 2.372330858440433 1.060938612918642 1.060938612918777 3.0007875504698194 1.0609386129188514 4.374361963359694 2.121877225837259 2.1218772258374408 2.3723308584404914 2.121877225837355 1.0609386129185026 2.1218772258373275 2.1218772258373884 3.0007875504698465 2.1218772258372818 3.0007875504696595 1.0609386129186493 4.374361963359808 1.0609386129184522 2.1218772258374297
410.0052461206074 2.1218772258373293 2.121877225837256 1.0609386129187155 2.121877225837224 2.372330858440409 2.1218772258371943 2.121877225837233 1.06093861291864 1.0609386129188048 2.12187722583725 1.060938612918503 1.0609386129186975 1.0609386129185145 3.000787550469729 1.060938612918847 2.1218772258371685 2.1218772258372853 4.37436196335996 2.372330858440466 1.0609386129186547 2.121877225837436 1.0609386129186058 1.0609386129186476 1.060938612918662 2.1218772258373244 4.374361963360088 2.121877225837324 1.5003937752348362 1.0609386129185676 1.0609386129186653 1.0609386129187495 4.3743619633599655 1.0609386129185148 4.374361963359891 2.121877225837291 1.0609386129186413 1.0609386129186635 1.0609386129186955 2.1218772258372254 2.372330858440516 2.121877225837211 0.0 2.1218772258372844 2.121877225837162 2.1218772258373146 4.37436196335982 2.1218772258373164 1.0609386129187315 1.0609386129186755 4.374361963360042 1.06093861291857 1.0609386129185738 2.121877225837359 2.1218772258374745 2.121877225837367 1.0609386129187002 2.1218772258372307 1.0609386129186174 1.0609386129187766 1.0609386129186944 0.0 1.060938612918655 1.0609386129185028 2.121877225837378 2.121877225837451 4.374361963359814 1.5003937752347751 1.06093861291865 1.0609386129184502 1.0609386129186906 1.060938612918455 4.374361963360008 2.372330858440481 2.3723308584404728 2.121877225837319 4.37436196335987 0.0 2.1218772258373044 4.374361963359885 1.0609386129186789 0.0 2.1218772258372476 1.0609386129186062 1.0609386129186877 2.1218772258373333 6.365631677511873 2.12187722583721 2.121877225837371 1.0609386129184544 2.1218772258372973 1.0609386129186333 2.1218772258372263 2.1218772258372893 4.37436196335975 1.0609386129186043 1.0609386129185903 1.060938612918719 2.121877225837327 1.0609386129186469 2.121877225837445 2.372330858440487 2.1218772258372276 2.121877225837263 1.0609386129186502 1.4853140580861732 1.060938612918703 1.0609386129188394 2.1218772258372933 1.060938612918514 3.0007875504698327 2.1218772258372423 1.5003937752348253 0.0 2.121877225837263 2.121877225837215 1.060938612918697 1.0609386129187015 1.0609386129186602 2.121877225837219 4.374361963360019 2.372330858440561 1.060938612918572 2.121877225837246 2.1218772258371237 2.121877225837387 4.374361963359805 2.1218772258373133 1.5003937752347636 2.121877225837281 0.0 1.0609386129186298 2.1218772258373693 2.1218772258372303 1.5003937752348346 2.1218772258373075 1.0609386129186145 1.0609386129185927 1.500393775234864 3.0007875504697386 0.0
420.0052461206074 2.372330858440354 1.0609386129185758 2.121877225837393 2.1218772258371525 1.5003937752350405 2.1218772258372667 1.0609386129186726 4.374361963359977 2.1218772258373333 2.3723308584405944 3.000787550469577 4.37436196335975 2.1218772258373506 1.0609386129186111 1.0609386129188532 2.1218772258371557 2.121877225837376 1.0609386129186666 2.372330858440414 1.060938612918672 1.0609386129185616 2.12187722583733 2.1218772258373275 1.0609386129186644 1.0609386129185987 1.060938612918666 0.0 2.1218772258374994 2.1218772258372636 1.0609386129186562 4.374361963359944 2.1218772258371525 2.1218772258372716 2.121877225837364 1.0609386129186071 2.121877225837331 3.0007875504697767 2.121877225837226 1.060938612918719 0.0 1.0609386129185188 2.1218772258372423 2.1218772258372436 3.0007875504698895 1.0609386129188123 2.121877225837291 2.1218772258373266 1.0609386129186895 1.0609386129187413 2.372330858440389 4.374361963360027 4.374361963359786 4.37436196336002 4.37436196336005 2.1218772258374385 2.3723308584404577 2.372330858440368 1.060938612918662 1.0609386129188227 4.374361963359688 2.121877225837391 2.121877225837235 2.121877225837352 1.0609386129186116 1.0609386129184497 2.372330858440388 2.1218772258373195 1.0609386129186584 4.374361963359813 1.0609386129186027 1.060938612918762 2.3723308584405345 4.374361963359815 1.0609386129186937 1.0609386129185057 1.0609386129186473 3.354982474442721 1.0609386129186085 2.121877225837227 2.121877225837476 1.0609386129184863 0.0 1.0609386129186695 1.0609386129187146 2.1218772258373932 4.374361963359728 2.121877225837342 3.0007875504698025 1.0609386129185834 2.121877225837167 2.121877225837253 2.1218772258371508 2.121877225837327 2.121877225837399 1.0609386129184752 1.5003937752348284 1.0609386129188128 1.0609386129186087 2.1218772258374523 1.060938612918642 2.121877225837369 2.1218772258371916 2.121877225837298 1.0609386129186038 1.4853140580860242 4.37436196335973 1.5003937752347265 1.0609386129186777 1.5003937752347152 2.3723308584403817 2.1218772258372662 4.374361963360008 2.1218772258371192 2.1218772258374545 1.5003937752347376 2.121877225837419 2.121877225837251 1.0609386129186495 1.0609386129187204 2.1218772258374474 4.374361963359945 1.0609386129186114 1.0609386129187206 2.121877225837143 2.121877225837402 2.1218772258371232 3.0007875504697665 4.374361963360087 2.1218772258373146 3.000787550469623 1.0609386129187215 2.1218772258374767 1.0609386129184886 2.1218772258372587 2.121877225837365 1.0609386129186977 1.0609386129185658 4.374361963359854 2.1218772258373235 2.1218772258373417
430.0052461206074 0.0 1.5003937752347276 2.121877225837242 2.372330858440579 6.3656316775120105 0.0 2.1218772258372125 4.374361963359834 2.1218772258372174 2.3723308584403906 2.121877225837258 4.37436196336006 2.1218772258372747 3.0007875504698625 1.0609386129187437 1.0609386129186071 1.0609386129186835 2.121877225837459 2.3723308584405927 1.0609386129186613 2.121877225837435 2.121877225837213 2.1218772258372094 2.121877225837491 0.0 3.000787550469688 1.0609386129188012 1.060938612918693 1.06093861291864 4.374361963360002 4.374361963360011 2.121877225837197 2.1218772258374035 2.1218772258374563 1.060938612918856 2.121877225837439 2.1218772258373972 1.0609386129186058 1.060938612918644 4.374361963359983 4.374361963359768 2.372330858440457 2.121877225837311 2.1218772258371996 1.5003937752348633 1.060938612918615 1.0609386129185336 1.0609386129186933 1.0609386129185767 2.3723308584406135 2.1218772258372844 1.0609386129187006 1.060938612918756 4.374361963360027 1.5003937752349126 3.0007875504696706 2.121877225837429 1.060938612918642 3.0007875504697865 1.060938612918693 3.0007875504695956 4.374361963359755 2.1218772258374035 2.1218772258371907 2.1218772258373377 2.3723308584406233 1.500393775235007 2.1218772258374727 2.1218772258373666 2.1218772258373826 1.0609386129185596 2.372330858440521 2.1218772258372693 2.121877225837204 2.1218772258372347 2.3723308584404417 2.121877225837199 1.0609386129186358 2.121877225837379 3.0007875504698336 2.121877225837357 1.0609386129186167 2.1218772258372973 1.0609386129186023 1.0609386129186045 4.374361963359801 2.1218772258373035 2.121877225837295 2.1218772258373155 1.060938612918666 1.0609386129185996 2.1218772258371192 1.0609386129185483 4.374361963359745 2.1218772258373697 2.1218772258372565 2.121877225837376 1.5003937752349132 2.121877225837359 4.374361963359829 2.3723308584404035 1.0609386129186114 1.060938612918808 0.0 0.7426570290432043 4.374361963360049 2.12187722583739 6.3656316775120505 2.1218772258372147 4.37436196335994 1.0609386129185612 2.1218772258373 2.121877225837471 3.3549824744425947 1.06093861291856 1.0609386129186613 1.0609386129185803 2.1218772258371192 1.5003937752348235 2.121877225837434 2.372330858440386 1.0609386129186824 2.1218772258373058 2.121877225837388 1.0609386129187774 4.374361963360089 2.1218772258372818 3.000787550469742 1.5003937752348304 0.0 3.0007875504696626 0.0 2.1218772258372143 1.0609386129187226 3.0007875504697843 3.0007875504696826 3.0007875504696773 1.0609386129186178 1.0609386129187657 4.374361963359755
440.0052461206074 2.372330858440467 2.121877225837411 4.374361963359969 2.1218772258373724 4.37436196335992 4.374361963359842 2.121877225837422 2.1218772258374594 2.12187722583726 2.3723308584404927 2.1218772258373795 2.121877225837475 2.121877225837373 2.121877225837357 1.0609386129188014 2.1218772258372187 4.3743619633597755 2.1218772258371223 2.372330858440533 4.374361963360078 2.1218772258371703 2.1218772258374248 1.0609386129187064 2.1218772258372396 2.1218772258372303 2.121877225837272 2.1218772258372276 1.060938612918652 1.0609386129186036 1.5003937752347336 4.374361963359901 1.0609386129185632 1.0609386129185383 2.121877225837336 1.0609386129185834 2.1218772258371157 1.0609386129187204 1.0609386129185847 1.0609386129186198 2.372330858440314 1.0609386129186602 4.3743619633599495 1.0609386129185308 2.121877225837104 1.0609386129187515 1.0609386129186482 2.1218772258371565 1.060938612918603 1.0609386129185836 2.1218772258372582 4.374361963359852 2.1218772258374132 1.0609386129185745 2.121877225837331 0.0 2.1218772258371166 2.3723308584404093 1.0609386129186273 2.121877225837317 2.1218772258372476 2.3723308584403475 4.374361963360062 2.121877225837282 2.1218772258372933 2.1218772258372334 4.374361963359768 2.121877225837336 4.374361963359753 2.121877225837269 2.121877225837324 2.1218772258371894 1.0609386129185039 2.372330858440498 2.1218772258374825 1.060938612918546 2.3723308584403138 2.121877225837391 2.121877225837179 4.37436196335984 2.121877225837275 2.1218772258372223 2.3723308584405793 2.121877225837246 4.2437544516746755 2.1218772258372933 1.5003937752348355 1.0609386129188063 6.365631677511963 4.374361963359968 4.374361963360091 2.121877225837367 1.0609386129188358 1.0609386129185576 1.0609386129187195 2.1218772258373644 1.0609386129185976 1.0609386129186769 3.000787550469837 0.0 1.060938612918681 1.0609386129186567 1.0609386129186835 1.0609386129187472 2.121877225837442 1.485314058086111 0.0 1.0609386129187026 2.121877225837419 2.1218772258374266 2.372330858440595 1.0609386129184635 2.1218772258372693 2.1218772258372676 1.0609386129186043 2.1218772258372973 2.1218772258372964 1.0609386129187701 1.0609386129187282 2.1218772258375034 1.0609386129186604 2.121877225837367 2.121877225837253 1.0609386129184941 1.0609386129187155 2.121877225837334 2.1218772258374528 3.0007875504698607 1.5003937752349905 2.1218772258373204 3.354982474442738 1.0609386129187997 3.0007875504698567 1.0609386129184508 2.121877225837367 1.0609386129186662 3.354982474442876 1.0609386129185674 4.374361963359864 1.060938612918805 2.121877225837348
450.0052461206074 2.1218772258374083 2.121877225837478 2.1218772258373484 1.060938612918649 2.3723308584403267 2.3723308584404315 2.121877225837319 4.374361963359745 1.0609386129188025 2.372330858440404 4.374361963359942 1.0609386129185818 1.060938612918535 1.0609386129186311 2.1218772258372414 1.0609386129186755 2.1218772258372622 1.060938612918653 2.3723308584404914 1.0609386129186342 2.1218772258374026 3.0007875504695996 1.0609386129184737 2.121877225837159 1.0609386129185225 1.0609386129186262 1.060938612918598 2.1218772258373275 2.1218772258372867 2.121877225837483 1.060938612918617 2.121877225837135 2.1218772258372516 0.0 2.1218772258373737 1.06093861291868 2.121877225837382 2.121877225837387 4.374361963359801 2.372330858440296 4.374361963359827 2.121877225837499 2.121877225837415 1.0609386129186533 1.060938612918609 2.1218772258374776 1.0609386129186082 3.0007875504698647 1.0609386129186855 0.0 2.1218772258372605 1.0609386129186646 1.0609386129186318 0.0 3.0007875504696817 2.3723308584403964 2.372330858440557 1.0609386129185756 1.0609386129184464 3.000787550469699 2.1218772258373533 2.121877225837313 1.0609386129184653 0.0 1.0609386129187608 0.0 2.1218772258373493 1.0609386129186442 1.0609386129185303 0.0 1.0609386129187155 2.372330858440557 1.0609386129187273 1.0609386129186784 1.0609386129187113 2.3723308584404514 4.374361963359934 2.121877225837302 0.0 1.5003937752348344 1.060938612918829 2.1218772258374012 1.0609386129187133 2.121877225837466 2.1218772258373058 2.121877225837179 2.121877225837398 2.121877225837135 2.121877225837285 4.374361963360009 2.1218772258374066 3.0007875504697585 1.060938612918744 1.0609386129186762 1.0609386129186456 1.0609386129187217 1.0609386129185256 2.1218772258373466 2.1218772258373066 2.121877225837333 2.1218772258372236 1.0609386129186462 3.000787550469747 0.0 0.7426570290432483 2.121877225837342 1.060938612918507 1.500393775234703 2.121877225837224 0.0 1.0609386129188205 4.374361963359777 4.374361963359931 2.1218772258373853 2.121877225837366 1.0609386129186942 2.121877225837299 2.1218772258370993 2.1218772258372556 2.121877225837263 0.0 4.374361963359792 2.1218772258373635 2.121877225837195 2.1218772258373186 1.0609386129186025 4.374361963359839 2.1218772258374314 2.372330858440323 2.372330858440526 4.374361963359847 3.0007875504696666 2.121877225837273 2.121877225837408 2.1218772258372343 1.0609386129186478 4.374361963359961 2.121877225837181 2.1218772258373386 2.1218772258372054
460.0052461206074 2.372330858440432 3.0007875504695996 1.0609386129185838 4.37436196336002 3.0007875504697017 0.0 1.060938612918566 2.1218772258372165 1.0609386129184697 4.37436196336002 1.5003937752348928 3.000787550469773 1.0609386129184837 2.121877225837196 2.1218772258372667 2.1218772258371863 1.0609386129186706 3.000787550469776 2.121877225837323 1.0609386129186535 2.121877225837301 3.000787550469568 1.0609386129187344 2.121877225837179 2.121877225837224 2.121877225837261 2.121877225837277 4.374361963359819 2.1218772258373995 2.1218772258372907 1.0609386129187182 3.0007875504697856 1.060938612918775 4.3743619633597275 2.1218772258373324 2.121877225837278 1.060938612918609 2.12187722583717 1.0609386129185328 4.374361963359901 4.374361963359954 2.1218772258374474 2.121877225837261 4.374361963359761 2.121877225837407 3.0007875504697314 1.060938612918783 1.0609386129186356 1.0609386129186862 2.372330858440603 2.1218772258371907 1.060938612918616 0.0 2.1218772258372116 2.121877225837275 2.372330858440403 2.1218772258371446 2.121877225837271 1.0609386129187297 1.0609386129186913 2.1218772258372343 1.500393775234869 2.1218772258372436 2.121877225837384 2.1218772258373106 0.0 4.374361963359885 2.1218772258374625 2.1218772258373138 0.0 1.0609386129187532 4.374361963359928 1.0609386129187137 1.0609386129186476 2.1218772258372085 2.121877225837324 2.1218772258374408 1.0609386129187026 4.374361963359866 2.3723308584405354 2.3723308584405176 4.374361963359981 1.060938612918653 1.0609386129185896 2.121877225837405 1.0609386129186593 2.121877225837307 1.0609386129185792 1.060938612918504 4.374361963359964 1.0609386129186396 2.121877225837414 1.0609386129185492 3.0007875504696435 1.060938612918666 1.0609386129186569 2.1218772258372303 2.121877225837404 4.3743619633599735 3.000787550469595 1.060938612918634 4.374361963359931 2.1218772258373453 1.0609386129186325 1.485314058086111 3.000787550469825 1.060938612918787 1.0609386129186387 2.1218772258372263 4.374361963359813 1.06093861291864 1.0609386129186507 0.0 2.372330858440619 2.1218772258372938 1.0609386129186484 2.12187722583729 2.1218772258372445 2.121877225837317 2.372330858440562 4.374361963359912 1.0609386129186262 1.0609386129187532 1.5003937752350427 2.1218772258374092 3.3549824744427297 3.000787550469733 1.060938612918679 1.5003937752348577 2.3723308584404816 4.374361963359962 2.3723308584403884 1.0609386129187717 6.3656316775118755 2.1218772258373204 1.0609386129186156 2.121877225837318 1.0609386129186675 2.1218772258373395 0.0
470.0052461206074 1.500393775234745 1.0609386129187124 1.06093861291853 1.060938612918658 0.0 0.0 1.0609386129188088 2.1218772258373346 2.1218772258373235 3.0007875504696306 1.0609386129186549 2.121877225837202 1.060938612918702 1.060938612918651 1.0609386129185068 2.121877225837419 2.372330858440531 3.000787550469638 0.0 2.121877225837157 4.374361963359977 2.12187722583725 1.0609386129185625 1.0609386129186245 2.121877225837343 0.0 1.0609386129186449 2.1218772258373426 2.121877225837378 2.1218772258374465 2.121877225837295 0.0 1.060938612918531 2.3723308584403777 2.1218772258374066 2.121877225837318 1.060938612918544 2.1218772258373484 2.1218772258374283 2.372330858440602 2.1218772258373693 2.1218772258373417 2.1218772258373204 1.0609386129186749 0.0 4.374361963359898 4.374361963359785 2.1218772258373058 2.1218772258373555 2.3723308584403564 6.3656316775118595 2.1218772258371126 2.1218772258373377 4.374361963359835 2.121877225837276 1.0609386129185037 2.121877225837118 2.121877225837481 2.1218772258371823 1.060938612918648 1.0609386129185852 2.372330858440445 1.0609386129185319 2.121877225837171 2.121877225837366 4.374361963360037 2.1218772258373324 4.374361963360021 2.121877225837167 2.121877225837327 2.121877225837177 2.372330858440245 1.0609386129187028 1.060938612918626 2.121877225837239 2.372330858440643 4.3743619633598705 2.121877225837326 4.374361963359822 1.0609386129187037 1.0609386129188434 4.374361963359984 1.0609386129187375 1.0609386129186154 1.0609386129187341 1.0609386129185567 4.374361963359872 2.1218772258373026 2.1218772258373004 4.374361963359817 1.5003937752347156 1.0609386129186302 1.0609386129187408 2.1218772258373306 1.0609386129188045 2.121877225837431 2.1218772258372933 3.0007875504696946 2.121877225837211 1.5003937752347152 2.1218772258373355 2.121877225837443 1.060938612918618 2.1218772258374097 1.485314058086111 1.0609386129186873 1.060938612918748 4.374361963360008 2.121877225837247 2.3723308584404226 2.12187722583734 2.1218772258373875 0.0 2.121877225837264 1.060938612918677 1.0609386129186265 1.060938612918523 1.0609386129186953 1.0609386129187188 6.36563167751186 4.374361963359861 2.1218772258374936 1.0609386129186154 1.5003937752347065 2.1218772258372876 4.374361963360009 2.1218772258373817 4.374361963359728 2.372330858440413 2.1218772258373053 1.0609386129184666 2.1218772258372804 2.121877225837236 1.060938612918587 2.1218772258373537 1.5003937752347631 2.1218772258372343 2.1218772258372613 1.5003937752347676 2.121877225837303
480.0052461206074 4.374361963359912 1.0609386129186995 2.121877225837367 1.0609386129186846 2.372330858440435 4.374361963360042 1.0609386129186777 1.0609386129186102 2.121877225837366 2.3723308584406353 2.1218772258374288 4.374361963359742 1.060938612918727 3.0007875504698425 4.243754451674577 2.121877225837419 1.0609386129186131 3.0007875504697465 4.374361963359822 1.0609386129185774 2.1218772258373266 2.121877225837287 1.0609386129185177 1.060938612918673 2.121877225837375 4.374361963359801 1.0609386129185678 4.374361963359843 3.354982474442744 1.0609386129186098 2.121877225837274 2.1218772258373466 1.0609386129185532 2.1218772258372884 2.1218772258374283 2.1218772258372423 2.121877225837325 2.1218772258371716 1.0609386129184726 0.0 2.121877225837417 2.1218772258373453 1.0609386129185034 1.5003937752350172 1.0609386129186895 0.0 4.374361963359808 2.121877225837399 1.060938612918708 3.00078755046966 2.372330858440398 1.06093861291862 2.1218772258372316 4.37436196335989 1.0609386129185445 0.0 2.3723308584403635 2.1218772258374767 1.060938612918594 3.0007875504696466 2.1218772258373444 1.0609386129186476 1.060938612918481 1.0609386129186265 2.1218772258372853 0.0 1.0609386129188227 4.374361963359787 1.0609386129187894 1.0609386129186558 1.0609386129188298 0.0 1.0609386129187315 1.0609386129186964 1.0609386129184537 2.121877225837262 2.3723308584403906 2.1218772258372716 2.121877225837367 1.0609386129187097 0.0 2.3723308584405283 2.121877225837454 1.0609386129185947 1.0609386129185934 1.5003937752347727 2.1218772258371814 1.0609386129186358 1.060938612918759 2.1218772258371503 2.1218772258373417 4.374361963359856 2.1218772258372587 2.12187722583739 1.06093861291853 2.121877225837179 2.121877225837417 2.1218772258372955 1.0609386129188185 2.1218772258373386 2.121877225837252 2.121877225837131 1.0609386129187341 2.1218772258374567 0.7426570290432483 0.0 1.060938612918559 2.121877225837318 1.5003937752348357 2.3723308584405416 1.060938612918805 1.060938612918726 0.0 2.3723308584404945 1.0609386129185212 1.0609386129187393 1.060938612918702 1.0609386129186518 2.121877225837312 2.1218772258371303 2.1218772258370984 1.0609386129186515 2.121877225837324 4.37436196335969 2.121877225837298 3.0007875504696595 1.0609386129186817 4.3743619633597675 0.0 2.1218772258372702 1.0609386129186842 4.374361963360069 2.1218772258373604 2.121877225837302 1.0609386129184908 1.5003937752349152 2.1218772258373706 0.0 1.0609386129184577 2.1218772258374043
490.0052461206074 0.0 4.374361963360031 2.121877225837309 4.3743619633597115 2.3723308584404412 2.372330858440407 2.1218772258372676 1.0609386129186562 2.1218772258373093 2.1218772258373075 1.0609386129186216 3.0007875504698553 1.0609386129188394 0.0 2.1218772258372685 2.1218772258371796 1.0609386129185683 4.374361963359755 2.372330858440372 2.1218772258373604 4.374361963359794 2.1218772258373284 1.0609386129186762 3.000787550469578 1.0609386129185343 1.0609386129186469 1.0609386129187754 4.3743619633600686 2.1218772258372987 1.0609386129186682 1.5003937752349528 2.121877225837455 1.0609386129187826 2.121877225837316 1.0609386129185387 1.0609386129186564 1.0609386129187577 1.0609386129186518 1.0609386129184797 2.372330858440391 1.5003937752348713 1.0609386129186706 2.1218772258373226 1.0609386129186549 2.1218772258372165 4.374361963359847 2.1218772258372955 1.06093861291862 1.060938612918507 2.121877225837335 1.0609386129186655 1.0609386129187017 1.0609386129185947 3.0007875504697763 1.0609386129187501 2.3723308584405145 2.1218772258372818 2.121877225837311 2.121877225837161 4.37436196336009 2.3723308584405074 2.121877225837215 2.121877225837254 1.060938612918691 1.060938612918573 2.1218772258374328 1.060938612918686 1.0609386129185798 1.0609386129186578 1.0609386129186948 1.0609386129187273 2.3723308584404457 4.374361963359963 1.0609386129186396 2.121877225837267 4.374361963359917 2.3723308584405434 2.1218772258372005 2.1218772258372303 1.0609386129186118 2.121877225837334 2.121877225837483 2.121877225837341 1.060938612918584 1.0609386129185492 1.0609386129187641 1.0609386129185607 2.1218772258373355 2.121877225837234 2.121877225837411 2.121877225837355 1.0609386129185872 1.0609386129185054 2.1218772258373613 1.0609386129187746 2.1218772258374705 1.0609386129186005 4.374361963359947 2.1218772258372267 4.37436196335974 2.121877225837395 4.374361963359771 2.1218772258373044 1.0609386129186984 0.7426570290432483 1.060938612918734 1.0609386129186538 1.0609386129186293 3.000787550469614 0.0 2.1218772258372445 4.374361963360079 2.3723308584404603 4.374361963360072 2.1218772258373457 2.1218772258374767 2.1218772258373697 2.121877225837109 2.121877225837339 3.000787550469745 2.3723308584404714 3.0007875504697985 1.0609386129186773 2.1218772258371996 2.1218772258373853 3.0007875504698083 2.121877225837326 1.0609386129186373 2.121877225837328 1.0609386129186233 1.0609386129185232 2.1218772258373155 1.0609386129186773 3.000787550469654 2.121877225837345 2.1218772258373177 2.121877225837216 2.3723308584404466 1.06093861291848 2.121877225837407
500.0052461206074 3.0007875504696 2.1218772258373453 1.0609386129186456 2.121877225837189 2.3723308584403298 1.0609386129186922 1.060938612918842 2.1218772258373173 2.1218772258373453 4.374361963359925 1.0609386129187104 1.5003937752346874 1.0609386129187781 1.0609386129186495 1.0609386129186975 1.0609386129187155 2.1218772258372693 2.121877225837199 2.1218772258372605 2.121877225837236 2.3723308584404963 1.0609386129186356 1.060938612918738 1.0609386129186036 2.1218772258373724 2.1218772258372005 1.0609386129187734 2.1218772258371335 2.1218772258373475 2.121877225837224 1.0609386129185483 4.374361963359702 1.0609386129184823 2.12187722583725 2.1218772258373786 2.121877225837496 2.1218772258373986 2.1218772258373337 1.060938612918545 4.37436196335993 2.1218772258373533 2.12187722583736 2.1218772258371814 2.1218772258372396 2.1218772258373595 2.121877225837332 1.060938612918484 2.1218772258373 1.0609386129186555 0.0 2.121877225837414 1.0609386129186371 2.121877225837385 4.374361963359856 1.0609386129184957 2.3723308584403586 2.3723308584404035 1.06093861291864 1.0609386129184917 2.1218772258371277 0.0 2.121877225837235 2.1218772258373098 2.121877225837352 2.12187722583734 0.0 1.0609386129186775 2.121877225837165 2.1218772258373644 2.121877225837327 1.0609386129188272 2.3723308584404363 2.1218772258374266 2.1218772258373173 1.0609386129186402 4.374361963359929 0.0 3.0007875504698505 4.374361963359805 2.121877225837268 2.1218772258372485 2.1218772258371312 1.060938612918547 2.1218772258372827 2.121877225837205 1.0609386129186076 2.1218772258373133 1.0609386129186331 2.121877225837378 2.121877225837137 1.0609386129185396 1.0609386129186298 2.121877225837369 4.374361963359919 1.0609386129187455 2.12187722583718 1.0609386129187552 3.000787550469861 2.12187722583733 1.0609386129185976 1.5003937752349743 2.1218772258373346 1.0609386129184908 4.374361963359855 4.374361963359877 2.372330858440399 1.0609386129185518 2.121877225837187 4.374361963359858 3.0007875504698767 1.0609386129185068 4.374361963359941 0.0 2.12187722583731 2.121877225837328 1.060938612918708 1.5003937752348475 4.374361963359718 1.060938612918577 2.121877225837327 2.3723308584403964 3.000787550469724 1.060938612918614 4.374361963360058 2.121877225837243 3.3549824744426116 1.0609386129188343 1.060938612918673 2.121877225837302 4.374361963359798 1.0609386129185936 3.000787550469719 1.0609386129188427 1.0609386129186018 2.1218772258372454 1.0609386129186593 2.121877225837371 2.1218772258373626 2.121877225837297 4.374361963359835
510.0052461206074 2.121877225837468 1.0609386129186809 1.0609386129187703 4.374361963359806 4.374361963359822 2.3723308584404204 4.374361963359949 1.500393775234869 2.1218772258372782 2.372330858440284 1.060938612918536 1.0609386129186955 1.060938612918801 2.121877225837489 4.3743619633599184 1.0609386129185925 1.0609386129185505 2.1218772258372316 4.374361963359805 1.0609386129186358 4.37436196335995 1.5003937752347791 4.374361963359927 4.37436196336008 1.5003937752347223 4.374361963359974 4.374361963359861 1.0609386129185636 0.0 4.374361963359833 1.0609386129187592 1.0609386129185756 1.0609386129185747 2.372330858440454 1.0609386129185057 2.121877225837175 1.060938612918787 4.374361963359852 2.1218772258372827 0.0 1.5003937752349685 2.1218772258371446 2.121877225837315 2.1218772258372884 2.121877225837301 0.0 0.0 3.000787550469746 1.0609386129188068 3.0007875504696413 3.000787550469719 1.5003937752349388 2.12187722583725 2.1218772258372116 1.06093861291845 1.5003937752348395 2.121877225837121 1.06093861291863 2.121877225837263 4.374361963359834 2.3723308584403378 2.1218772258373986 2.121877225837379 4.374361963359857 1.060938612918792 2.3723308584405434 4.374361963359874 1.060938612918642 3.0007875504698065 4.374361963360016 1.0609386129185336 2.372330858440507 1.060938612918808 1.0609386129186344 1.0609386129186646 2.3723308584405975 2.121877225837357 1.0609386129186835 2.1218772258373932 2.1218772258372476 2.121877225837384 4.3743619633599495 2.121877225837204 2.121877225837358 1.0609386129187863 2.1218772258373355 3.0007875504695765 1.0609386129186802 2.1218772258373044 1.0609386129186402 1.0609386129184477 2.121877225837143 2.12187722583723 2.1218772258373626 1.060938612918713 4.374361963359883 2.1218772258374328 2.1218772258372995 2.1218772258372285 1.0609386129186835 2.1218772258372907 1.0609386129187066 1.0609386129188418 2.372330858440537 2.6523465322966175 1.0609386129186675 1.0609386129187783 2.121877225837266 1.5003937752347578 2.1218772258373106 2.1218772258373844 2.121877225837251 2.3723308584404106 2.121877225837359 2.121877225837349 1.0609386129186076 1.0609386129186333 3.000787550469635 1.500393775234801 1.0609386129186928 2.1218772258372103 2.121877225837333 1.0609386129185638 3.0007875504697648 1.0609386129187202 0.0 1.0609386129186116 3.3549824744426786 4.374361963359942 3.3549824744427053 1.060938612918653 2.3723308584403755 2.121877225837225 1.0609386129187282 2.121877225837367 4.374361963359978 2.121877225837368 4.374361963359971 1.0609386129186822 0.0
520.0052461206074 2.372330858440435 4.37436196335984 2.1218772258373555 2.121877225837127 2.3723308584403946 2.3723308584403004 2.121877225837419 2.121877225837157 2.1218772258371934 4.374361963359904 1.5003937752348693 1.0609386129186584 1.0609386129186684 2.372330858440326 2.1218772258373355 2.1218772258372818 1.0609386129184724 1.060938612918651 2.1218772258371477 1.060938612918636 2.1218772258372263 2.121877225837343 2.1218772258372702 0.0 1.0609386129186595 1.0609386129187446 1.0609386129187086 1.0609386129186555 1.0609386129184606 4.374361963359935 3.000787550469591 3.0007875504697306 1.0609386129186678 4.374361963360053 1.0609386129184721 1.0609386129185625 1.0609386129185812 2.1218772258373133 1.0609386129185776 0.0 1.0609386129184901 2.121877225837337 1.0609386129185627 4.374361963359996 2.121877225837271 4.374361963359929 2.1218772258373515 2.1218772258373213 1.0609386129186387 2.3723308584405918 2.1218772258373617 2.121877225837124 2.121877225837395 2.1218772258373715 2.121877225837245 0.0 3.0007875504696364 1.5003937752347434 2.121877225837197 1.0609386129186766 0.0 3.000787550469735 3.0007875504697585 2.1218772258373244 2.1218772258372924 0.0 1.0609386129185658 3.3549824744428416 2.121877225837182 1.060938612918597 1.0609386129185376 4.374361963359928 2.1218772258372804 1.0609386129186495 1.0609386129187668 2.372330858440277 2.1218772258372613 2.121877225837355 2.3723308584405713 2.121877225837371 1.060938612918695 1.0609386129188243 1.0609386129187262 4.243754451674752 2.121877225837387 4.374361963359996 4.37436196335983 2.1218772258375056 2.121877225837211 1.0609386129186982 2.1218772258373524 4.374361963359994 2.121877225837344 1.500393775234793 1.0609386129187857 2.1218772258373346 2.121877225837365 4.374361963359856 2.121877225837312 4.374361963359959 2.372330858440459 1.0609386129186476 2.1218772258373897 2.121877225837474 2.652346532296461 4.374361963359864 2.1218772258372485 1.5003937752347745 2.121877225837394 0.0 1.0609386129188512 1.060938612918731 2.1218772258372853 1.0609386129185696 1.0609386129185399 2.1218772258373906 3.0007875504697505 2.12187722583732 1.0609386129184863 1.0609386129186695 2.121877225837391 1.0609386129186735 0.0 4.374361963359724 2.121877225837204 2.1218772258373786 1.5003937752349366 1.0609386129187253 2.372330858440513 2.3723308584403147 2.121877225837281 4.374361963359838 1.500393775234898 2.121877225837256 2.1218772258373275 1.0609386129187095 2.1218772258374186 4.374361963359813 2.121877225837256 2.1218772258372876
530.0052461206074 2.1218772258372773 2.121877225837332 2.12187722583728 0.0 0.0 4.374361963359815 2.1218772258373186 2.121877225837267 1.0609386129188119 4.37436196335996 1.500393775234888 2.121877225837165 2.3723308584405225 2.121877225837282 1.0609386129188156 2.1218772258372747 1.0609386129184903 4.374361963359855 2.1218772258372764 1.0609386129186253 2.121877225837361 2.121877225837235 4.37436196335992 1.06093861291869 0.0 2.121877225837294 2.121877225837384 2.1218772258372094 0.0 2.121877225837282 1.0609386129186837 2.121877225837339 2.121877225837229 2.1218772258372587 2.1218772258372316 2.121877225837406 1.0609386129187988 1.500393775234733 2.121877225837389 3.0007875504696524 0.0 2.3723308584404825 2.1218772258373875 2.1218772258371508 2.1218772258372165 2.1218772258373595 2.1218772258373155 2.1218772258371925 4.243754451674577 1.060938612918586 0.0 1.060938612918685 1.0609386129185958 2.121877225837367 2.121877225837323 2.1218772258372915 2.121877225837083 2.121877225837184 1.5003937752349328 1.060938612918546 4.374361963359904 1.0609386129186593 2.121877225837258 1.5003937752347503 1.0609386129185332 2.3723308584403595 1.0609386129185379 2.1218772258374714 2.1218772258372134 1.0609386129185723 1.0609386129187093 0.7426570290431055 2.1218772258374083 1.0609386129186238 1.0609386129187175 1.060938612918683 2.652346532296643 4.374361963359917 2.3723308584405274 1.0609386129186762 2.1218772258372516 1.0609386129186456 1.0609386129186276 2.1218772258373515 2.1218772258372103 1.0609386129186136 1.0609386129187819 1.0609386129186795 2.1218772258373524 1.0609386129186547 1.0609386129185252 2.1218772258373026 2.1218772258373364 2.121877225837244 2.121877225837335 2.1218772258372263 1.0609386129188292 4.374361963359757 1.0609386129186031 4.374361963359849 1.5003937752348806 0.0 2.121877225837317 2.121877225837232 2.652346532296461 1.5003937752349752 1.0609386129185225 4.37436196335998 3.000787550469641 2.1218772258373373 1.0609386129188214 1.9126342844988962 2.1218772258374083 2.1218772258374843 2.1218772258373626 2.1218772258374803 2.1218772258371965 1.0609386129186167 1.0609386129186817 1.5003937752348717 2.3723308584404457 3.00078755046982 1.060938612918688 4.374361963359883 2.1218772258373684 2.1218772258372205 2.1218772258372707 2.1218772258375007 0.0 1.060938612918683 1.0609386129187255 2.1218772258373924 2.1218772258372858 1.0609386129185843 2.1218772258373475 2.121877225837235 1.060938612918519 1.5003937752349428 1.0609386129187794 2.372330858440343
540.0052461206074 2.121877225837229 0.0 1.0609386129187752 2.121877225837191 1.06093861291878 4.374361963360074 2.121877225837291 2.372330858440363 1.0609386129186813 3.000787550469685 1.060938612918672 1.0609386129186138 2.1218772258374305 0.0 1.500393775234843 2.121877225837112 2.121877225837269 1.0609386129186236 0.0 1.060938612918644 2.1218772258371543 1.0609386129186567 4.374361963359924 2.1218772258372205 2.1218772258372853 1.0609386129186675 1.0609386129187315 2.121877225837427 4.374361963359918 2.3723308584404403 3.000787550469671 4.374361963359896 1.0609386129186136 2.3723308584405234 2.121877225837352 2.3723308584403484 2.121877225837246 3.0007875504696178 1.060938612918711 2.3723308584405682 1.0609386129186664 3.354982474442575 2.1218772258373795 2.1218772258373733 2.121877225837403 2.12187722583714 2.121877225837309 1.0609386129185863 2.121877225837299 2.1218772258372502 2.1218772258373164 2.1218772258372542 2.121877225837219 2.1218772258373915 2.121877225837331 1.500393775234883 3.0007875504697616 2.121877225837116 2.1218772258372702 2.1218772258372933 2.3723308584404634 2.121877225837223 1.0609386129188036 1.0609386129186085 1.060938612918783 2.372330858440427 2.121877225837206 2.1218772258371272 2.1218772258374194 2.1218772258372955 1.0609386129186917 4.374361963359903 1.0609386129186578 2.12187722583727 2.121877225837347 2.3723308584406 2.65234653229664 1.0609386129186453 1.500393775234665 1.0609386129186502 1.0609386129187763 2.3723308584404106 2.121877225837171 4.744661716880706 2.121877225837303 2.121877225837272 2.1218772258373257 1.06093861291865 2.121877225837307 2.121877225837487 2.121877225837304 1.0609386129186855 1.060938612918492 2.1218772258371934 1.060938612918558 2.121877225837391 1.060938612918509 1.0609386129186655 1.0609386129187397 1.5003937752349252 1.0609386129185312 4.374361963359993 1.060938612918749 2.3723308584406215 4.374361963359916 1.060938612918615 1.0609386129185738 1.0609386129186904 1.0609386129185716 1.0609386129186058 2.1218772258374075 1.5003937752348233 4.374361963359896 3.000787550469824 1.060938612918665 1.0609386129186509 1.0609386129187015 2.1218772258374368 4.374361963359811 1.0609386129186495 2.37233085844033 2.121877225837373 1.0609386129188294 2.121877225837403 1.0609386129187826 2.1218772258373515 1.0609386129185105 3.000787550469785 2.121877225837452 2.1218772258373364 2.1218772258373413 2.1218772258372463 1.060938612918744 1.0609386129186915 1.0609386129188552 0.0 1.0609386129187988 2.1218772258374186 2.1218772258372365 0.0
550.0052461206074 2.1218772258373084 2.121877225837203 1.0609386129186695 1.5003937752348395 0.0 2.1218772258372476 1.0609386129185652 2.372330858440474 2.121877225837247 2.372330858440415 1.060938612918493 2.3723308584404275 1.060938612918755 2.121877225837203 1.0609386129185614 1.060938612918613 1.0609386129187222 2.1218772258373026 0.0 2.1218772258373666 0.0 2.121877225837215 2.121877225837399 1.0609386129187015 0.0 1.5003937752348582 1.0609386129187095 1.0609386129186476 2.1218772258371192 1.0609386129185967 2.1218772258372542 3.0007875504696364 2.121877225837415 2.3723308584402694 2.1218772258372924 2.1218772258372356 1.060938612918764 1.0609386129186769 2.1218772258372844 2.1218772258373755 2.1218772258372485 0.0 2.1218772258373546 4.374361963360064 2.121877225837359 2.1218772258372636 2.1218772258372343 1.0609386129185865 2.1218772258374208 0.0 3.0007875504698185 2.12187722583716 2.1218772258373453 0.0 2.1218772258373786 2.121877225837149 0.0 1.0609386129187148 2.121877225837307 1.0609386129186533 2.1218772258372285 3.000787550469798 2.121877225837296 1.060938612918631 2.121877225837186 2.3723308584403933 2.1218772258373337 1.0609386129186593 1.0609386129186775 1.0609386129187126 2.1218772258373484 0.7426570290430775 4.374361963359989 2.1218772258372893 4.37436196335989 2.121877225837299 2.652346532296643 1.0609386129186718 2.1218772258374092 1.0609386129186587 2.3723308584403946 2.1218772258373324 2.121877225837286 0.0 2.1218772258373937 3.0007875504697816 2.121877225837355 2.1218772258374683 2.121877225837215 1.0609386129186398 1.060938612918787 1.5003937752347851 1.0609386129184664 1.0609386129186043 1.0609386129187943 2.1218772258374208 2.121877225837278 2.1218772258372423 1.0609386129185663 4.374361963360089 2.1218772258372036 2.1218772258372476 2.12187722583733 1.500393775234862 2.652346532296461 4.374361963359758 1.0609386129185852 2.3723308584403537 3.0007875504696204 4.3743619633599025 4.37436196335987 1.0609386129187388 0.0 2.3723308584403315 1.0609386129185696 2.1218772258372454 1.0609386129188212 2.1218772258373457 2.1218772258372667 1.0609386129185807 0.0 2.121877225837142 1.0609386129185017 2.121877225837468 1.0609386129185032 4.374361963359702 1.0609386129187781 2.372330858440593 3.000787550469834 1.060938612918598 4.374361963359932 4.374361963359905 2.1218772258372964 2.1218772258374754 0.0 2.3723308584404523 1.0609386129187732 4.374361963359979 1.0609386129184548 2.1218772258373555
560.0052461206074 2.1218772258372183 2.121877225837127 3.0007875504695924 4.3743619633600686 2.1218772258371583 0.0 2.1218772258373906 2.3723308584404457 2.12187722583728 2.3723308584404514 2.121877225837188 3.182815838755879 2.121877225837321 2.1218772258373577 1.0609386129188467 2.121877225837434 2.1218772258373684 2.1218772258373133 3.0007875504697443 1.0609386129186495 4.374361963359927 1.0609386129185874 3.0007875504698767 0.0 1.060938612918568 3.000787550469766 4.374361963359747 2.1218772258374563 2.372330858440502 2.1218772258372933 2.1218772258372995 1.500393775234825 2.1218772258372844 3.0007875504698123 4.374361963359927 2.1218772258371192 1.0609386129187237 1.0609386129186926 1.0609386129186662 2.1218772258372476 3.0007875504698047 4.374361963360016 1.060938612918743 0.0 1.0609386129186187 0.0 2.1218772258373204 1.0609386129187919 2.121877225837275 2.1218772258372107 2.1218772258371947 2.1218772258371374 2.121877225837338 2.1218772258372467 1.0609386129187508 2.3723308584403537 4.374361963359786 2.1218772258371232 2.121877225837287 1.0609386129186806 2.3723308584405776 4.374361963359744 1.5003937752350667 4.374361963359698 2.121877225837253 3.0007875504697266 1.5003937752348846 1.0609386129186795 1.0609386129187022 1.0609386129186638 1.060938612918633 4.374361963359879 1.0609386129187883 4.374361963359751 1.5003937752349679 3.0007875504695725 3.000787550469707 1.0609386129186622 2.121877225837168 1.060938612918687 2.3723308584405154 0.0 1.0609386129185574 2.3723308584402916 2.121877225837425 4.374361963359818 1.0609386129187361 2.1218772258373506 1.0609386129185285 4.374361963360069 2.1218772258371654 2.1218772258372116 1.0609386129184757 2.12187722583728 1.0609386129187874 4.374361963360021 1.060938612918722 2.1218772258373133 1.0609386129185885 2.1218772258372973 4.374361963359882 2.121877225837287 2.121877225837297 2.121877225837257 3.0007875504697936 2.1218772258373417 2.1218772258372596 4.374361963359958 1.0609386129186598 2.121877225837293 2.1218772258372596 4.3743619633597906 2.372330858440519 2.3723308584402814 1.0609386129185876 1.060938612918672 2.1218772258372316 1.0609386129186518 1.0609386129186698 3.0007875504698247 0.0 1.0609386129187424 2.1218772258372565 4.374361963360037 2.1218772258372547 2.1218772258372836 1.5003937752348424 2.121877225837355 2.3723308584404 1.5003937752348735 4.374361963359955 4.374361963359992 1.0609386129187834 2.1218772258374763 1.060938612918821 2.121877225837355 1.0609386129187988 1.0609386129186054 2.12187722583732 1.0609386129186757
570.0052461206074 2.372330858440331 2.1218772258373995 2.121877225837283 2.1218772258372787 1.0609386129186957 2.3723308584405913 2.1218772258371583 1.5003937752348757 1.0609386129187794 2.372330858440499 3.0007875504696186 2.121877225837475 1.0609386129187113 2.1218772258371206 1.060938612918573 2.1218772258372947 1.5003937752348742 1.060938612918669 0.0 2.1218772258373724 2.3723308584403853 1.0609386129185676 1.0609386129187877 3.000787550469759 4.3743619633598705 1.0609386129186416 2.12187722583744 6.365631677511808 2.3723308584405265 2.121877225837394 1.0609386129188223 1.5003937752349445 2.121877225837363 4.3743619633599495 1.0609386129186407 0.0 2.1218772258373146 1.0609386129185903 2.1218772258372156 4.374361963359973 1.5003937752348413 3.000787550469736 1.0609386129185157 1.0609386129186413 1.0609386129186726 2.121877225837494 2.1218772258373915 1.0609386129186702 1.0609386129188125 2.372330858440479 2.372330858440388 2.121877225837271 1.0609386129184935 2.121877225837236 1.0609386129187655 2.121877225837233 2.3723308584403497 2.121877225837215 2.1218772258372214 2.121877225837483 2.372330858440429 1.0609386129186444 1.0609386129187155 1.0609386129186555 2.1218772258373115 1.0609386129187695 2.1218772258372205 2.1218772258373795 1.0609386129184417 4.374361963359888 1.060938612918732 0.742657029042993 2.1218772258372423 2.1218772258372924 1.060938612918566 2.1218772258372263 2.3723308584403457 2.121877225837344 2.121877225837194 2.1218772258371255 4.243754451674625 2.121877225837342 2.12187722583724 2.372330858440615 2.12187722583725 2.121877225837311 2.121877225837396 2.1218772258373044 1.0609386129185816 2.121877225837337 2.121877225837239 2.121877225837365 1.0609386129186025 2.1218772258373533 2.121877225837226 3.0007875504698562 1.0609386129185703 2.121877225837384 2.121877225837427 2.1218772258373413 0.0 2.121877225837205 2.1218772258373466 0.0 2.3723308584404017 4.374361963359912 2.121877225837253 1.0609386129186786 2.1218772258373955 1.0609386129186436 2.1218772258372427 2.1218772258373058 4.37436196335996 3.0007875504697505 1.0609386129187968 2.121877225837231 2.121877225837358 1.0609386129186713 1.0609386129186116 2.12187722583713 2.3723308584403977 4.37436196336001 1.060938612918683 3.1828158387560817 2.121877225837443 0.0 1.0609386129185652 1.5003937752348355 2.121877225837334 3.000787550469766 2.121877225837303 2.1218772258373337 2.121877225837275 1.0609386129186802 2.1218772258373417 2.372330858440336 2.1218772258374266 3.0007875504697146 2.12187722583728 1.0609386129186922
580.0052461206074 4.374361963359786 2.1218772258374 2.1218772258373475 1.060938612918648 2.1218772258372884 2.121877225837383 2.121877225837216 2.3723308584403084 2.1218772258371943 2.372330858440361 2.121877225837375 1.0609386129186578 1.0609386129185254 2.3723308584404372 1.0609386129185954 2.1218772258373706 2.1218772258372516 2.121877225837287 0.0 2.121877225837439 2.1218772258374123 1.0609386129186409 2.1218772258372853 2.1218772258374026 1.0609386129187734 4.374361963359704 2.1218772258371987 4.374361963360058 2.121877225837311 2.1218772258374234 4.374361963359949 1.912634284498921 1.0609386129185638 0.0 1.0609386129186125 1.0609386129184606 1.060938612918837 1.0609386129186789 1.0609386129186036 4.374361963360078 4.374361963359776 2.1218772258373844 2.1218772258372756 0.0 1.060938612918517 2.3723308584406397 2.121877225837339 2.1218772258372858 2.1218772258373018 3.000787550469682 0.0 4.3743619633598305 4.37436196336008 1.0609386129187315 1.0609386129185696 2.121877225837269 2.121877225837261 2.121877225837397 2.1218772258372276 2.121877225837454 2.1218772258372187 1.0609386129187055 1.0609386129185552 2.1218772258373746 2.1218772258373075 2.3723308584405434 2.121877225837315 2.1218772258372427 2.1218772258373875 4.374361963360021 4.374361963359943 2.372330858440506 1.0609386129187792 0.0 1.06093861291872 2.121877225837441 4.374361963359857 2.121877225837436 2.121877225837188 2.1218772258374488 1.0609386129186085 1.0609386129186833 1.060938612918813 1.060938612918627 2.121877225837358 0.0 3.0007875504697186 2.121877225837164 2.121877225837305 4.374361963359936 2.1218772258372716 2.121877225837376 1.0609386129187282 1.0609386129186789 1.0609386129184701 4.374361963359961 2.121877225837351 2.121877225837258 2.1218772258372347 6.365631677512003 2.3723308584404217 2.3723308584405385 2.1218772258371947 2.121877225837227 2.3723308584405567 1.06093861291855 1.06093861291866 2.1218772258373435 1.0609386129185556 2.121877225837247 2.121877225837234 1.0609386129186942 2.3723308584404057 1.060938612918631 1.0609386129187923 2.121877225837219 1.0609386129188156 1.0609386129187195 3.0007875504696506 2.121877225837261 0.0 2.1218772258372476 1.50039377523491 1.0609386129186822 1.0609386129186078 1.0609386129186649 1.060938612918512 2.1218772258372294 2.372330858440511 2.1218772258373324 4.374361963359977 2.3723308584404594 2.12187722583733 2.121877225837269 2.1218772258373706 2.121877225837261 1.0609386129187863 1.0609386129186518 1.0609386129187723 3.000787550469769
590.0052461206074 1.0609386129187932 2.121877225837419 1.0609386129185625 1.500393775234887 4.3743619633599025 2.3723308584404044 1.0609386129185774 2.1218772258374825 2.121877225837337 1.0609386129186427 1.0609386129188543 2.1218772258374914 2.121877225837349 0.0 2.1218772258372454 2.12187722583726 2.1218772258373697 6.365631677511929 0.0 1.0609386129186622 1.0609386129188056 0.0 1.0609386129187182 3.0007875504697914 4.374361963359956 4.374361963359807 2.1218772258373377 3.0007875504696284 2.372330858440513 1.0609386129186515 4.374361963359946 2.121877225837298 1.0609386129185874 2.1218772258373426 1.0609386129187042 2.121877225837191 2.121877225837326 2.1218772258372307 1.0609386129187701 2.1218772258373297 2.121877225837306 1.0609386129186074 1.0609386129187093 2.121877225837166 2.121877225837344 2.1218772258374656 1.0609386129187832 2.1218772258371246 1.060938612918635 4.374361963360006 2.1218772258372898 1.0609386129186105 1.060938612918689 4.3743619633598785 2.121877225837145 0.0 2.37233085844042 4.37436196335976 2.1218772258372165 2.1218772258373955 2.372330858440365 1.0609386129186449 1.0609386129186178 2.1218772258373737 4.374361963359967 2.372330858440445 1.0609386129187395 1.0609386129186893 3.0007875504695942 3.0007875504698007 1.0609386129184808 4.374361963359984 2.12187722583721 2.3723308584403844 2.121877225837341 2.1218772258371232 2.3723308584403977 2.1218772258372334 2.1218772258372485 1.0609386129185863 2.121877225837243 6.365631677511914 2.121877225837248 0.0 2.372330858440333 4.374361963359913 1.0609386129186025 3.0007875504697137 2.1218772258373915 1.0609386129186222 1.060938612918683 3.000787550469871 2.12187722583722 3.354982474442678 1.0609386129185059 2.121877225837435 2.1218772258374083 4.3743619633599655 1.0609386129184548 2.1218772258373364 0.0 4.374361963359892 1.0609386129185925 2.1218772258372414 2.3723308584404235 2.1218772258373377 2.1218772258372867 1.5003937752348988 4.3743619633597985 3.000787550469785 2.1218772258373084 3.0007875504698216 2.121877225837147 1.0609386129186484 1.0609386129187917 6.365631677511823 2.1218772258373595 2.1218772258373355 1.0609386129187217 1.06093861291867 2.372330858440428 0.0 2.1218772258371947 3.000787550469695 1.060938612918764 2.3723308584404905 1.5003937752349348 4.374361963359892 2.1218772258371916 2.121877225837125 4.374361963359967 2.1218772258373493 1.0609386129185916 1.0609386129185832 1.0609386129184828 4.374361963359798 4.374361963359804 1.0609386129187068 2.121877225837303 2.1218772258373537
600.0052461206074 4.374361963359946 2.121877225837247 2.121877225837362 1.060938612918707 2.3723308584404292 2.372330858440453 2.121877225837315 6.365631677511888 2.1218772258372676 2.1218772258373186 1.0609386129188576 1.5003937752349692 1.0609386129186933 2.3723308584406064 2.1218772258374305 4.374361963359944 2.1218772258371867 2.121877225837261 1.0609386129187584 0.0 1.060938612918763 2.121877225837116 2.1218772258373626 4.37436196335973 3.0007875504696804 3.000787550469766 2.1218772258372156 4.3743619633597675 2.121877225837162 1.060938612918676 1.060938612918713 3.000787550469654 2.1218772258374563 4.374361963359886 1.0609386129185105 1.060938612918678 2.121877225837344 1.060938612918563 2.1218772258372383 1.0609386129187084 1.060938612918751 2.121877225837238 2.121877225837315 4.374361963360007 1.060938612918653 0.0 2.121877225837327 1.0609386129186715 2.1218772258372467 2.3723308584404554 2.372330858440414 4.374361963359893 2.1218772258373506 1.500393775234929 2.1218772258373177 2.1218772258373324 2.372330858440436 2.121877225837131 1.0609386129187457 0.0 2.3723308584405007 4.374361963359952 1.060938612918486 1.060938612918608 1.0609386129187168 2.3723308584403426 2.121877225837421 2.121877225837421 2.121877225837163 1.0609386129187341 1.0609386129187626 1.0609386129186693 2.121877225837233 1.0609386129185878 2.1218772258373613 2.1218772258373724 2.121877225837311 1.0609386129185798 1.060938612918826 2.121877225837284 1.0609386129188152 2.1218772258373484 2.1218772258372876 2.1218772258371765 2.121877225837216 2.372330858440422 1.0609386129188276 1.0609386129186635 1.0609386129186331 4.374361963359779 2.1218772258373653 1.5003937752347924 0.0 1.0609386129186495 2.121877225837441 4.3743619633598785 4.374361963359927 1.0609386129186504 1.0609386129187972 2.1218772258373138 0.0 4.374361963359774 2.121877225837364 2.1218772258372622 2.37233085844029 4.374361963359921 1.060938612918549 0.0 3.000787550469776 1.5003937752348342 1.5003937752348249 3.000787550469682 2.3723308584405265 4.374361963359859 1.0609386129185616 2.121877225837373 1.0609386129184672 1.0609386129186789 4.374361963359915 1.5003937752347956 2.3723308584405314 1.0609386129186829 1.0609386129186535 4.374361963359929 2.1218772258373213 3.354982474442684 1.0609386129187233 2.3723308584402596 2.121877225837278 0.0 2.121877225837351 4.374361963359914 2.1218772258373564 2.1218772258371628 1.0609386129187426 0.0 2.121877225837327 1.060938612918572 2.121877225837409 2.1218772258372303
610.0052461206074 0.0 2.121877225837154 2.12187722583729 4.3743619633598 0.0 2.372330858440567 3.0007875504697425 2.3723308584404204 1.0609386129185565 1.0609386129187155 2.121877225837347 3.0007875504698145 2.1218772258371805 2.1218772258373737 1.060938612918731 1.0609386129186433 4.374361963359852 2.121877225837379 2.1218772258372494 2.1218772258372907 2.121877225837176 2.1218772258373346 3.000787550469559 1.0609386129186935 4.37436196335991 4.374361963359856 1.06093861291884 3.0007875504698065 2.121877225837287 3.0007875504696626 1.0609386129185778 2.121877225837277 2.121877225837304 2.1218772258373306 2.121877225837243 2.1218772258373617 1.0609386129185863 2.1218772258374843 1.060938612918753 2.121877225837394 1.0609386129186036 2.1218772258374736 2.1218772258374052 4.374361963359738 1.0609386129187797 2.1218772258373915 2.121877225837244 3.000787550469845 2.1218772258373377 0.0 4.374361963359843 2.1218772258374052 1.060938612918684 4.374361963359966 2.121877225837238 3.0007875504697017 2.1218772258372236 2.1218772258373675 1.06093861291871 1.0609386129187333 2.3723308584403555 3.000787550469639 2.121877225837269 2.1218772258372267 2.1218772258373035 2.37233085844032 1.0609386129187015 2.121877225837483 1.0609386129186342 2.1218772258374443 2.12187722583734 1.4853140580861628 1.0609386129185037 4.374361963359796 1.0609386129185063 1.0609386129185994 1.4853140580861168 1.060938612918665 2.1218772258373284 2.1218772258373892 2.3723308584403915 3.3549824744426138 2.12187722583736 2.12187722583741 2.372330858440387 2.3723308584404315 1.0609386129188478 4.37436196335981 1.060938612918791 4.374361963359872 1.0609386129188265 1.0609386129185556 2.1218772258373395 1.0609386129186433 2.1218772258373457 1.0609386129187128 2.1218772258373613 1.5003937752347987 1.0609386129185332 2.1218772258372387 0.0 2.3723308584403706 1.0609386129185072 2.3723308584404696 2.121877225837366 1.5003937752348442 1.0609386129187541 3.000787550469546 2.121877225837279 1.0609386129186495 2.121877225837321 4.3743619633599415 3.0007875504696147 1.060938612918674 2.121877225837224 2.3723308584404554 1.060938612918584 4.374361963359961 3.0007875504697825 3.1828158387560737 2.121877225837382 2.1218772258371685 1.0609386129185594 1.5003937752348273 3.000787550469674 2.121877225837227 1.0609386129185354 4.37436196335973 2.121877225837211 3.354982474442713 2.121877225837278 2.372330858440391 2.1218772258373266 2.12187722583737 1.0609386129187006 0.0 2.121877225837275 0.0 2.121877225837317 2.121877225837364
620.0052461206074 0.0 1.0609386129186231 1.060938612918709 2.1218772258371525 2.372330858440384 2.3723308584403537 4.374361963359883 2.121877225837232 1.060938612918667 1.0609386129187035 1.060938612918732 1.0609386129186271 2.1218772258372867 2.372330858440329 2.3723308584404115 1.0609386129186285 2.1218772258372964 4.374361963359898 1.060938612918539 2.121877225837501 1.0609386129187657 1.0609386129185545 4.374361963359762 4.374361963359892 1.060938612918556 2.121877225837375 2.1218772258373018 4.37436196335985 1.0609386129185618 1.0609386129185936 2.1218772258373364 2.121877225837353 1.0609386129186176 2.12187722583731 2.1218772258373413 1.0609386129186344 2.121877225837308 4.374361963359886 1.0609386129186282 3.3549824744428602 1.5003937752347223 1.0609386129186524 1.060938612918864 3.00078755046968 1.0609386129184901 3.0007875504697363 1.0609386129186862 2.121877225837395 1.0609386129186376 2.3723308584402476 2.3723308584404514 1.0609386129186602 1.060938612918579 1.0609386129187193 0.0 2.372330858440474 2.1218772258372494 2.1218772258374923 4.374361963359974 2.3723308584403995 1.5003937752348848 2.1218772258372907 2.121877225837382 1.0609386129186753 2.1218772258371703 2.3723308584404905 1.060938612918611 2.1218772258374035 1.0609386129185248 1.0609386129186809 2.121877225837247 1.4853140580860826 3.0007875504697092 1.060938612918692 2.121877225837175 1.0609386129186573 0.7426570290428552 2.1218772258371352 2.1218772258371907 1.0609386129185976 0.0 2.3723308584404146 2.121877225837303 3.000787550469649 2.372330858440369 2.372330858440488 2.121877225837306 1.0609386129186962 1.0609386129186607 2.1218772258372893 1.060938612918629 2.121877225837326 1.0609386129187055 1.9126342844989417 2.1218772258373355 2.12187722583738 1.0609386129187226 1.5003937752348113 2.1218772258372676 2.1218772258373293 2.121877225837151 0.0 2.121877225837314 2.372330858440386 2.372330858440412 2.121877225837255 1.5003937752349032 4.3743619633599415 2.121877225837388 2.372330858440445 2.121877225837317 2.1218772258372547 3.0007875504697266 2.1218772258372494 2.1218772258371765 1.060938612918614 2.1218772258372165 2.1218772258373484 3.0007875504696773 3.0007875504698136 2.372330858440373 2.121877225837283 1.0609386129184775 3.0007875504696346 2.1218772258373413 1.5003937752348584 1.0609386129187588 1.060938612918602 2.372330858440471 2.37233085844028 1.0609386129185525 2.3723308584404847 1.0609386129188298 2.1218772258373657 2.1218772258374234 4.374361963359825 0.0 1.0609386129186624 4.374361963359989 2.1218772258373075
630.0052461206074 4.374361963359797 2.3723308584405074 2.121877225837421 2.121877225837343 1.0609386129186522 1.0609386129186242 1.0609386129187575 1.060938612918635 2.1218772258374465 1.0609386129186364 2.121877225837375 1.0609386129186074 1.0609386129185674 0.0 2.372330858440388 4.374361963359829 3.0007875504696067 2.1218772258372653 1.0609386129186296 2.1218772258372627 4.374361963359785 0.0 2.121877225837223 2.1218772258371787 2.3723308584404186 4.374361963359961 2.121877225837365 2.121877225837448 1.0609386129185137 1.0609386129186975 1.0609386129185343 2.121877225837356 1.0609386129186673 0.0 1.0609386129186829 1.0609386129186857 2.1218772258374115 2.1218772258373058 2.1218772258371494 0.0 2.12187722583735 2.3723308584405913 2.1218772258371663 2.121877225837252 2.121877225837231 4.374361963359974 4.3743619633599184 2.121877225837213 2.121877225837358 2.3723308584403764 2.121877225837339 3.0007875504696275 2.121877225837279 2.121877225837265 4.3743619633598705 0.0 2.372330858440393 1.0609386129186866 1.0609386129187182 1.0609386129186373 2.3723308584405474 3.0007875504696515 2.121877225837268 2.121877225837407 2.12187722583733 2.372330858440364 2.121877225837303 1.0609386129186376 1.060938612918499 1.060938612918643 1.0609386129187384 4.3743619633598785 2.1218772258374736 2.1218772258372174 1.0609386129185427 1.0609386129186087 4.374361963360014 3.354982474442691 1.0609386129186087 1.0609386129186757 1.0609386129187723 3.0007875504697306 2.1218772258373444 0.0 0.0 4.374361963359925 1.060938612918571 2.121877225837256 2.1218772258373524 4.374361963359822 2.121877225837335 1.0609386129186054 2.1218772258372525 1.060938612918667 2.1218772258373164 1.060938612918684 1.0609386129187066 1.0609386129186082 1.0609386129188054 4.374361963359924 2.3723308584405274 2.37233085844061 2.1218772258373533 4.374361963359832 2.3723308584402996 2.1218772258373604 1.0609386129187302 2.1218772258371503 2.372330858440428 1.0609386129186276 2.372330858440252 1.0609386129186154 2.372330858440473 2.1218772258373226 2.121877225837345 2.1218772258374154 1.0609386129186078 4.374361963359833 1.060938612918723 2.1218772258373915 0.0 1.0609386129186429 1.0609386129187053 1.0609386129186678 2.121877225837315 1.0609386129186942 2.121877225837284 1.0609386129186766 2.121877225837415 1.0609386129186014 1.060938612918721 0.0 2.1218772258373604 4.37436196336004 2.121877225837283 2.12187722583727 1.0609386129184717 1.5003937752349301 2.372330858440428 2.1218772258372876
640.0052461206074 2.121877225837194 2.372330858440624 1.0609386129187481 2.1218772258374208 1.060938612918639 1.5003937752348706 1.060938612918715 4.374361963359859 1.0609386129187934 2.121877225837309 1.0609386129186638 1.0609386129186695 1.0609386129185416 1.50039377523488 0.0 2.1218772258373675 1.0609386129188352 2.1218772258373737 1.0609386129187257 2.1218772258372964 1.0609386129185256 2.121877225837361 1.0609386129188614 2.1218772258375056 2.3723308584403804 2.372330858440407 1.0609386129184886 4.37436196335989 2.3723308584405327 2.121877225837423 2.1218772258371774 2.1218772258373138 2.1218772258373457 2.1218772258373044 2.121877225837188 4.24375445167443 2.1218772258373293 1.0609386129186043 2.1218772258373826 2.1218772258373293 1.0609386129187552 1.0609386129187242 2.12187722583725 1.0609386129185696 1.06093861291879 4.374361963359894 2.1218772258371916 3.0007875504697097 1.0609386129185348 2.121877225837351 2.372330858440504 1.06093861291863 2.1218772258373924 1.060938612918684 2.372330858440529 2.3723308584405074 2.3723308584404132 1.0609386129186287 1.0609386129184977 2.121877225837288 2.3723308584404172 1.060938612918606 1.0609386129184795 2.1218772258373306 1.0609386129188314 2.3723308584405114 2.1218772258374012 2.3723308584403733 3.0007875504698203 2.121877225837475 1.0609386129184877 4.374361963359946 1.0609386129185394 2.1218772258373413 2.1218772258373226 1.0609386129186238 3.000787550469658 2.12187722583749 1.5003937752347374 2.372330858440458 0.0 2.3723308584405105 2.1218772258372876 4.374361963359938 0.0 2.372330858440511 1.0609386129185132 2.1218772258372285 1.0609386129185152 2.1218772258374123 1.06093861291867 4.374361963360048 2.1218772258373413 1.0609386129186644 1.0609386129187814 1.0609386129186842 2.1218772258373857 1.0609386129186655 2.121877225837279 1.0609386129186915 2.37233085844047 2.121877225837363 4.374361963359955 0.0 2.121877225837496 2.1218772258373146 2.1218772258373297 2.1218772258372884 4.374361963359787 1.5003937752348033 2.1218772258373013 2.121877225837317 2.3723308584405136 1.0609386129187401 2.1218772258373915 3.000787550469758 2.12187722583735 1.0609386129187182 2.121877225837282 2.121877225837256 2.3723308584405007 2.1218772258372436 1.0609386129188247 2.121877225837239 1.06093861291871 2.121877225837228 2.1218772258373155 3.000787550469702 2.1218772258371525 1.0609386129186722 2.121877225837374 0.0 2.121877225837422 1.0609386129185872 2.121877225837203 2.1218772258373066 2.1218772258372534 1.0609386129186584 2.1218772258373186 2.1218772258372205
650.0052461206074 4.3743619633599184 1.500393775234855 1.0609386129187015 1.0609386129186626 1.0609386129185763 3.0007875504696786 2.1218772258372542 4.374361963359889 4.37436196335996 3.0007875504696386 1.0609386129186564 4.374361963359976 2.1218772258373946 4.374361963359913 2.121877225837152 1.0609386129186706 1.060938612918501 2.1218772258372387 1.5003937752348664 2.1218772258374923 4.374361963359877 1.0609386129185838 1.0609386129184535 1.0609386129187197 1.0609386129186082 0.0 1.0609386129185778 2.1218772258373986 2.121877225837231 2.1218772258371716 1.0609386129185834 3.35498247444275 1.060938612918549 3.000787550469707 2.1218772258372316 1.0609386129185943 2.121877225837305 4.374361963359875 2.121877225837283 1.0609386129186549 1.0609386129187934 2.121877225837382 2.372330858440553 0.0 1.0609386129188387 0.0 2.1218772258373098 2.1218772258371716 2.121877225837353 2.121877225837394 2.1218772258375154 1.0609386129186396 1.060938612918491 2.1218772258373884 2.372330858440512 2.372330858440469 2.3723308584404954 2.1218772258373684 2.121877225837318 2.12187722583729 2.121877225837333 3.0007875504697505 1.0609386129185896 3.0007875504696813 1.0609386129185958 2.372330858440265 2.121877225837302 4.3743619633599975 2.1218772258373146 1.0609386129187253 1.060938612918587 2.121877225837355 2.121877225837265 2.1218772258372316 2.1218772258373484 1.060938612918615 3.0007875504696955 2.121877225837363 2.121877225837318 2.1218772258373093 2.1218772258372716 2.1218772258372907 1.0609386129185217 4.243754451674674 4.374361963359883 2.372330858440524 4.374361963359969 4.374361963359818 2.121877225837379 2.121877225837271 1.0609386129184486 2.121877225837174 2.1218772258372693 1.5003937752348677 2.121877225837303 2.1218772258372804 2.1218772258374163 1.0609386129186178 1.0609386129186662 1.0609386129186227 0.0 1.5003937752348675 2.1218772258373213 2.121877225837317 4.374361963359974 2.121877225837365 1.0609386129184877 4.374361963359806 2.3723308584405625 2.372330858440482 2.1218772258374488 2.1218772258373275 3.000787550469782 1.5003937752349221 2.121877225837345 1.0609386129187133 1.06093861291859 1.0609386129185807 1.060938612918489 1.0609386129186107 2.1218772258372396 2.1218772258373413 2.121877225837389 1.5003937752348986 1.060938612918667 2.121877225837325 4.374361963359898 1.06093861291864 2.121877225837287 1.060938612918751 1.060938612918732 2.372330858440448 2.121877225837268 2.1218772258372467 2.121877225837352 2.3723308584404625 4.374361963359896 2.121877225837355 0.0 1.0609386129185794
660.0052461206074 2.37233085844035 0.0 2.1218772258372804 2.121877225837279 0.0 4.3743619633597355 2.1218772258371965 1.0609386129186271 4.3743619633598865 2.121877225837375 1.0609386129187863 1.0609386129186713 1.0609386129188754 0.0 1.5003937752346717 2.1218772258371446 4.374361963359835 2.121877225837385 3.0007875504698043 1.0609386129185425 2.3723308584403866 1.0609386129187155 0.0 2.121877225837151 3.000787550469651 1.500393775234751 2.1218772258374585 2.1218772258371463 2.1218772258372174 1.0609386129187601 2.121877225837312 2.121877225837351 1.0609386129187282 4.3743619633599495 1.0609386129187561 1.5003937752348193 2.1218772258372622 2.121877225837199 2.1218772258374514 4.374361963359768 1.0609386129186897 0.0 2.121877225837284 3.000787550469759 1.0609386129188332 4.374361963359811 3.3549824744426258 1.5003937752348457 1.0609386129188019 0.0 2.372330858440539 2.1218772258372174 1.0609386129186467 1.0609386129186835 0.0 2.1218772258373355 2.3723308584403937 2.121877225837313 4.374361963359916 2.121877225837215 2.121877225837375 1.0609386129186265 1.0609386129187395 1.060938612918713 6.365631677511863 6.365631677511771 2.121877225837382 1.0609386129187026 1.0609386129186624 2.1218772258374496 1.0609386129185574 1.4853140580861788 2.121877225837203 1.0609386129185956 2.1218772258373533 1.0609386129186864 1.485314058086158 2.12187722583739 2.121877225837265 2.1218772258373075 1.500393775234958 3.0007875504697776 2.121877225837221 4.243754451674682 2.372330858440271 0.0 4.374361963359825 1.0609386129186635 1.0609386129185656 2.1218772258374106 1.0609386129188678 1.0609386129186134 2.121877225837236 1.06093861291863 1.060938612918603 2.1218772258372383 1.0609386129186253 2.121877225837256 2.121877225837301 1.0609386129187088 2.121877225837221 3.0007875504697514 2.1218772258372027 2.3723308584404634 2.3723308584404013 2.121877225837351 1.0609386129185756 2.121877225837279 2.121877225837282 2.1218772258373106 2.37233085844042 2.121877225837375 2.3723308584403116 2.1218772258373044 1.060938612918688 4.374361963359936 2.121877225837283 2.3723308584403635 1.0609386129187974 1.0609386129186122 1.0609386129184992 1.0609386129186105 4.374361963359989 1.0609386129186735 1.0609386129185527 1.0609386129185931 2.121877225837427 2.1218772258372383 2.3723308584405656 4.374361963359852 1.0609386129184977 0.0 2.12187722583734 1.0609386129186296 1.0609386129186333 2.372330858440505 1.0609386129185316 2.3723308584404537 2.1218772258372605 2.121877225837281
670.0052461206074 4.374361963360034 2.3723308584403164 1.0609386129186587 2.121877225837331 1.0609386129188076 1.0609386129186729 1.0609386129185714 2.1218772258373497 1.0609386129186416 2.121877225837355 2.121877225837378 2.12187722583729 2.1218772258372463 2.3723308584405913 2.1218772258373266 1.0609386129187386 1.0609386129185943 2.1218772258372205 1.0609386129186924 2.121877225837105 2.121877225837407 2.1218772258372005 1.0609386129186216 1.5003937752348548 2.121877225837339 1.500393775234826 2.1218772258373644 1.0609386129187126 2.1218772258373586 4.374361963359839 3.000787550469746 3.0007875504697274 2.121877225837353 4.374361963359859 1.0609386129186034 4.374361963359812 4.374361963359825 2.121877225837183 2.121877225837314 4.374361963359968 1.0609386129185425 2.3723308584404044 2.121877225837289 1.0609386129186702 2.1218772258372836 4.3743619633599495 1.060938612918797 2.1218772258371734 1.0609386129188274 2.372330858440376 2.3723308584404554 2.121877225837264 1.0609386129186622 2.121877225837278 1.5003937752347314 2.1218772258373337 0.0 1.0609386129185556 1.0609386129186615 1.0609386129186862 4.374361963359805 2.121877225837379 1.0609386129188245 1.0609386129186718 1.0609386129188343 2.121877225837294 1.0609386129185792 2.12187722583715 1.0609386129187852 0.0 2.1218772258373884 1.4853140580860866 2.121877225837332 4.374361963360037 2.121877225837195 2.121877225837508 4.374361963359901 2.121877225837452 1.5003937752347558 1.060938612918642 4.374361963359923 2.3723308584404417 2.121877225837394 4.243754451674562 3.000787550469892 0.0 2.121877225837329 4.374361963359825 1.060938612918662 1.060938612918663 2.1218772258373724 1.0609386129186655 2.121877225837223 4.37436196335993 1.0609386129186413 2.1218772258373475 2.121877225837233 2.1218772258374443 2.121877225837299 2.121877225837225 2.121877225837245 3.0007875504697425 2.121877225837239 0.0 0.0 1.060938612918661 1.0609386129187204 1.0609386129186054 3.0007875504695973 1.0609386129186917 1.0609386129187353 2.121877225837223 2.3723308584405713 2.3723308584405034 1.0609386129184977 2.1218772258371565 2.121877225837313 2.1218772258372027 2.1218772258372174 2.1218772258372924 1.0609386129187566 1.0609386129186527 2.121877225837347 1.0609386129186436 1.0609386129186253 1.0609386129186023 1.0609386129186476 1.0609386129186373 0.0 2.121877225837319 0.0 2.1218772258373124 1.5003937752349177 2.121877225837211 2.1218772258374043 4.374361963359911 1.0609386129187328 2.1218772258373186 4.374361963359864 1.0609386129186857
680.0052461206074 0.0 2.1218772258372676 2.1218772258371987 2.1218772258373977 1.060938612918518 2.3723308584403306 2.1218772258373995 2.3723308584403986 2.12187722583732 1.060938612918639 2.1218772258372773 6.365631677511845 2.1218772258372858 2.121877225837242 2.121877225837205 2.1218772258372978 1.0609386129187224 4.374361963359924 2.121877225837367 2.1218772258371468 0.0 2.1218772258374616 4.374361963359808 2.121877225837215 2.1218772258372365 0.0 2.1218772258373217 4.3743619633598145 1.0609386129185479 1.0609386129187208 1.0609386129187512 1.0609386129185765 2.121877225837215 2.1218772258373444 2.1218772258373884 2.1218772258372565 1.060938612918772 1.0609386129185616 2.121877225837331 2.3723308584402916 2.1218772258373804 2.3723308584404132 1.0609386129187475 4.3743619633599575 1.0609386129187284 0.0 1.0609386129184606 1.0609386129185974 2.1218772258372764 2.1218772258372978 2.3723308584403724 0.0 1.0609386129186376 1.0609386129186595 4.374361963359959 4.374361963359872 2.1218772258371357 3.0007875504697785 1.0609386129187295 2.121877225837439 4.374361963359907 1.0609386129186922 2.1218772258372542 2.1218772258374643 1.0609386129185197 2.3723308584405833 1.0609386129186789 2.1218772258371654 1.0609386129185399 2.1218772258372693 2.1218772258373426 2.1218772258373493 2.1218772258373084 1.060938612918657 2.1218772258372574 4.374361963359977 2.12187722583733 3.000787550469745 2.1218772258373715 4.374361963359813 1.0609386129187026 4.374361963359799 2.121877225837295 2.121877225837246 2.1218772258373346 2.372330858440386 2.1218772258372267 4.374361963359868 2.1218772258372773 1.0609386129186467 2.121877225837368 2.121877225837378 1.060938612918669 2.1218772258373826 1.0609386129187333 1.0609386129186775 1.060938612918738 3.0007875504695942 2.1218772258373373 2.1218772258373466 2.1218772258372516 0.0 2.121877225837267 4.374361963359826 2.372330858440528 1.0609386129186342 1.060938612918638 4.374361963359811 2.1218772258374545 2.1218772258372054 2.12187722583746 2.121877225837284 1.0609386129186262 2.1218772258373475 2.121877225837247 1.0609386129186298 1.0609386129184413 3.0007875504697887 2.1218772258372085 6.365631677511982 2.121877225837132 1.0609386129185643 1.060938612918749 2.121877225837348 1.0609386129188252 1.060938612918655 2.121877225837305 2.1218772258373613 2.121877225837455 1.0609386129186154 0.0 2.3723308584404887 1.0609386129188494 1.0609386129186902 1.0609386129185472 0.0 1.0609386129186076 1.060938612918666 4.374361963359937 1.0609386129186686
690.0052461206074 2.121877225837491 1.0609386129185985 2.121877225837327 2.1218772258372205 4.374361963359935 2.121877225837387 2.1218772258373364 2.121877225837338 1.0609386129184493 2.1218772258373226 1.0609386129187677 2.121877225837335 1.0609386129186498 2.1218772258372742 2.1218772258373337 1.0609386129186 2.121877225837286 4.374361963359931 4.37436196335987 4.3743619633597515 4.374361963359893 3.000787550469643 1.060938612918565 2.1218772258372463 1.060938612918671 2.372330858440343 2.1218772258373484 1.0609386129186695 1.0609386129185316 2.1218772258373035 1.0609386129188416 4.374361963359881 2.121877225837249 1.0609386129186875 2.1218772258373084 2.121877225837265 1.0609386129185256 1.0609386129186251 2.12187722583732 4.374361963359936 2.1218772258373124 2.3723308584402654 0.0 4.3743619633597834 1.060938612918581 4.374361963359909 2.1218772258372263 1.0609386129186287 4.243754451674614 2.121877225837317 2.3723308584403755 3.0007875504696435 2.1218772258374052 2.1218772258373377 2.372330858440431 4.374361963359897 2.3723308584404035 2.1218772258373466 1.0609386129186642 4.3743619633597115 3.354982474442724 2.121877225837383 3.00078755046966 1.0609386129187242 2.121877225837227 4.374361963359849 2.121877225837415 1.0609386129186236 2.1218772258372773 1.0609386129186016 1.0609386129187506 1.4853140580860393 1.0609386129186125 2.121877225837357 2.1218772258372107 2.121877225837279 0.7426570290432203 4.374361963359884 1.0609386129185727 1.0609386129186256 2.121877225837328 2.1218772258374083 2.121877225837205 4.243754451674574 1.5003937752350163 3.0007875504697723 4.374361963359819 2.121877225837285 1.0609386129185763 1.500393775234886 1.0609386129184342 2.1218772258373693 1.0609386129185745 4.374361963359882 2.121877225837376 1.0609386129186107 2.121877225837223 3.0007875504698065 1.060938612918814 0.0 4.3743619633598 2.3723308584403555 2.12187722583722 4.374361963359863 2.3723308584404315 2.121877225837249 1.0609386129185356 2.1218772258372476 2.121877225837508 4.374361963359874 2.1218772258371397 2.1218772258373932 2.3723308584405403 2.1218772258372813 2.1218772258372276 3.000787550469904 2.12187722583745 2.1218772258372973 2.1218772258373058 2.121877225837215 4.374361963360033 2.121877225837454 1.0609386129187215 2.121877225837359 4.3743619633597355 2.1218772258372307 3.3549824744426004 1.0609386129186333 3.000787550469735 1.0609386129186629 4.374361963359908 0.0 4.374361963359859 1.0609386129186087 2.1218772258373857 1.0609386129186678 1.0609386129186718 1.5003937752348568 0.0 4.374361963359924
700.0052461206074 2.1218772258372844 4.374361963359942 1.0609386129184568 2.1218772258372987 4.374361963359892 3.3549824744425343 2.121877225837259 2.372330858440484 2.121877225837335 1.0609386129186127 1.0609386129184417 1.0609386129186542 1.0609386129186136 4.374361963359953 1.0609386129187857 3.0007875504697705 4.374361963359792 0.0 1.5003937752347016 4.374361963359975 3.0007875504698664 2.121877225837231 1.0609386129188454 2.121877225837367 2.1218772258373786 0.0 1.060938612918645 3.000787550469705 2.121877225837229 1.0609386129186142 2.1218772258371996 3.000787550469614 1.0609386129184681 2.1218772258372893 4.374361963359769 2.1218772258372764 4.374361963359893 1.06093861291865 1.0609386129185931 2.3723308584404523 1.0609386129185594 2.372330858440299 1.0609386129188214 2.121877225837248 1.0609386129186456 4.374361963359851 3.0007875504696946 1.060938612918731 4.243754451674501 4.374361963359914 2.372330858440435 2.121877225837344 2.1218772258373155 2.1218772258373084 2.1218772258375145 0.0 2.1218772258373457 1.0609386129186906 2.1218772258372964 3.0007875504697203 2.121877225837427 2.1218772258373235 2.1218772258373026 1.0609386129186027 4.374361963359887 0.0 2.121877225837371 4.374361963359945 1.0609386129184841 2.121877225837379 1.0609386129185752 1.48531405808614 2.121877225837296 1.060938612918618 2.121877225837371 1.0609386129187057 3.0007875504698704 2.121877225837469 2.121877225837213 4.374361963359978 2.121877225837419 2.372330858440434 2.1218772258371783 2.1218772258373324 1.5003937752347782 0.0 2.12187722583724 2.1218772258373515 2.121877225837298 1.0609386129186336 1.0609386129187974 2.1218772258373884 1.06093861291883 2.1218772258372844 1.0609386129186116 1.0609386129186071 1.0609386129186318 4.374361963359944 2.121877225837338 4.3743619633599335 2.3723308584403253 2.121877225837194 1.060938612918465 2.1218772258373395 4.374361963359814 1.060938612918725 4.3743619633598145 2.121877225837249 2.3723308584403275 6.365631677511866 2.372330858440535 2.1218772258373817 1.060938612918822 2.12187722583735 2.121877225837425 4.374361963360067 2.1218772258373755 1.0609386129186473 3.0007875504697026 2.121877225837328 3.354982474442654 2.121877225837148 1.0609386129185878 2.121877225837316 4.374361963359794 1.0609386129186535 1.0609386129186376 2.1218772258372374 3.00078755046975 2.372330858440544 2.1218772258373315 2.3723308584403946 2.121877225837365 1.060938612918646 2.121877225837366 3.000787550469731 0.0 4.374361963359857 3.0007875504695427 2.121877225837285
710.0052461206074 4.374361963359938 2.3723308584404954 2.121877225837269 1.060938612918584 2.121877225837201 4.374361963359958 2.121877225837344 2.121877225837271 1.0609386129185785 4.374361963359973 2.372330858440513 2.121877225837282 2.1218772258373444 2.1218772258373573 1.0609386129185978 2.3723308584403284 2.1218772258373217 1.0609386129186495 1.0609386129186609 2.121877225837431 4.374361963359872 1.0609386129185687 1.0609386129185674 2.1218772258372227 2.121877225837436 0.0 1.060938612918719 2.1218772258372844 0.0 2.121877225837391 4.374361963359922 1.0609386129186258 1.0609386129188032 2.121877225837387 2.121877225837279 1.0609386129186607 3.000787550469597 2.1218772258371925 2.121877225837252 1.0609386129186882 1.060938612918847 4.374361963360024 2.372330858440375 2.1218772258374283 2.121877225837342 0.0 1.0609386129187657 2.121877225837144 2.121877225837215 0.0 0.0 2.1218772258373138 2.121877225837331 2.1218772258372915 2.121877225837357 2.3723308584404577 0.0 1.0609386129187124 3.0007875504696537 2.121877225837375 2.1218772258371907 2.121877225837317 2.1218772258372622 1.0609386129187302 1.0609386129185836 2.3723308584405527 2.1218772258373426 6.365631677511919 4.374361963359804 1.060938612918599 1.0609386129185165 0.7426570290430593 2.121877225837375 1.0609386129185752 1.060938612918555 2.1218772258372907 0.7426570290432203 1.0609386129187315 1.0609386129187095 2.1218772258373813 1.0609386129185414 2.1218772258372924 2.121877225837313 4.243754451674513 0.0 2.3723308584405074 2.121877225837396 3.0007875504696595 3.000787550469598 2.1218772258372267 2.1218772258372915 2.121877225837269 2.121877225837335 3.0007875504697705 1.0609386129186422 2.1218772258373018 2.12187722583737 1.5003937752348402 1.0609386129188483 2.121877225837251 1.0609386129188356 2.372330858440531 2.121877225837259 2.121877225837288 2.1218772258373457 4.374361963359883 2.121877225837343 1.0609386129186686 2.1218772258373977 2.121877225837287 2.1218772258373706 2.372330858440485 3.0007875504696666 2.121877225837359 2.1218772258372156 2.121877225837236 2.1218772258373746 2.121877225837264 1.0609386129188247 4.374361963359803 4.37436196335981 1.0609386129186635 1.0609386129185372 3.0007875504696653 1.0609386129187799 4.374361963359958 2.1218772258372405 1.060938612918621 3.0007875504698545 4.374361963359862 2.3723308584403435 2.121877225837349 1.0609386129186134 2.1218772258372733 2.1218772258373386 1.0609386129187026 1.0609386129187477 2.1218772258372383 3.0007875504697386 2.1218772258373053
720.0052461206074 2.121877225837244 1.5003937752349563 1.060938612918493 3.000787550469682 4.37436196335981 2.12187722583716 2.121877225837314 2.3723308584404386 2.121877225837328 2.12187722583725 4.37436196335989 1.5003937752348813 1.0609386129185756 2.3723308584402796 3.0007875504697306 2.1218772258375043 2.121877225837321 2.121877225837271 2.1218772258372987 2.1218772258372174 1.060938612918612 1.060938612918664 1.0609386129187686 1.0609386129186253 2.121877225837209 1.0609386129187068 2.121877225837269 2.3723308584404363 4.374361963359885 1.0609386129185987 1.5003937752347294 1.0609386129186007 2.121877225837391 1.060938612918625 1.5003937752347638 4.3743619633600765 1.0609386129187193 2.121877225837369 1.0609386129186371 1.0609386129185803 1.0609386129187002 2.121877225837231 1.0609386129184575 3.0007875504697434 2.121877225837345 2.1218772258374585 2.1218772258373537 1.0609386129187228 1.060938612918509 0.0 0.0 2.121877225837356 2.121877225837269 2.1218772258373764 2.3723308584404266 2.121877225837403 3.0007875504695734 4.374361963359907 1.5003937752347971 1.0609386129186653 4.374361963359915 1.060938612918725 2.121877225837342 2.1218772258372063 2.121877225837236 2.372330858440419 1.5003937752347645 2.1218772258371366 2.1218772258372516 1.5003937752348382 1.0609386129184777 1.060938612918705 1.0609386129185483 2.1218772258374896 1.0609386129188476 1.0609386129186489 1.485314058086074 1.0609386129185854 1.0609386129186824 3.0007875504696346 2.121877225837431 2.12187722583728 2.1218772258373826 4.243754451674491 1.0609386129188167 4.374361963359944 1.0609386129185472 2.1218772258372063 2.1218772258372263 4.374361963359861 2.1218772258374283 2.121877225837319 1.0609386129186213 2.121877225837281 1.06093861291883 1.0609386129185947 1.0609386129186562 1.0609386129186638 1.0609386129184997 2.3723308584404963 2.1218772258373737 2.3723308584404834 2.121877225837394 0.0 2.3723308584405407 2.121877225837226 2.1218772258374248 4.37436196335981 2.3723308584403964 1.0609386129186678 2.3723308584403875 2.1218772258372303 1.500393775234891 2.1218772258373915 1.0609386129187426 1.0609386129186105 2.121877225837399 3.000787550469635 2.1218772258372454 1.0609386129186114 2.121877225837339 1.0609386129186953 1.0609386129186817 2.121877225837221 2.121877225837389 4.37436196335991 2.1218772258372876 4.37436196335994 2.3723308584405713 4.374361963360025 2.121877225837332 2.372330858440454 2.12187722583732 1.0609386129185765 2.1218772258373013 2.1218772258373186 3.3549824744425742 3.3549824744427497 0.0 2.1218772258372915
730.0052461206074 2.1218772258372605 1.0609386129187268 3.0007875504698154 1.0609386129187222 1.0609386129184928 1.0609386129187386 2.1218772258372693 2.372330858440485 1.0609386129186498 2.121877225837357 2.121877225837229 3.000787550469783 2.121877225837486 1.0609386129187524 1.0609386129186016 2.121877225837311 1.06093861291847 2.1218772258372183 2.1218772258372445 2.1218772258374843 2.37233085844048 4.374361963359802 1.0609386129186043 1.0609386129186615 2.1218772258372187 2.121877225837251 1.0609386129186817 2.372330858440492 2.1218772258372667 1.060938612918672 2.1218772258373026 2.1218772258372587 2.1218772258372858 4.374361963359907 1.0609386129188507 2.1218772258374825 1.0609386129188356 2.121877225837288 2.1218772258373666 3.354982474442768 1.060938612918841 0.0 2.121877225837228 2.3723308584404794 1.0609386129186915 2.3723308584405163 4.374361963359945 3.0007875504695245 2.1218772258373484 2.1218772258373213 2.372330858440542 3.00078755046968 2.121877225837373 1.0609386129186336 1.0609386129187854 2.3723308584404625 2.1218772258373977 4.374361963360057 1.060938612918563 2.121877225837275 2.3723308584404155 2.1218772258373324 1.060938612918536 4.374361963359998 2.1218772258372547 4.374361963359759 1.0609386129187015 2.12187722583723 1.0609386129184946 2.1218772258371286 2.121877225837237 1.48531405808614 1.060938612918619 1.060938612918644 2.1218772258372947 4.374361963359855 1.4853140580860429 2.1218772258373564 1.5003937752349548 3.0007875504696355 2.1218772258373133 0.0 2.121877225837384 1.50039377523496 2.1218772258374154 3.00078755046977 2.12187722583714 2.1218772258373946 2.1218772258372707 2.121877225837233 1.0609386129187293 2.121877225837461 2.1218772258372613 2.1218772258373906 1.060938612918678 1.0609386129186444 2.121877225837365 1.0609386129186031 1.0609386129185199 0.0 1.0609386129185063 2.121877225837255 2.121877225837391 4.374361963359952 2.3723308584405562 2.12187722583722 2.121877225837351 3.0007875504697257 0.0 3.3549824744426533 2.3723308584404457 2.121877225837359 1.0609386129186853 2.372330858440422 2.1218772258373204 2.1218772258371614 2.121877225837202 4.374361963359962 1.060938612918665 1.0609386129186968 2.121877225837255 1.0609386129186902 2.1218772258372933 1.0609386129187148 1.0609386129184628 0.0 2.121877225837348 2.12187722583731 0.0 0.0 4.374361963359848 1.0609386129186544 2.1218772258373635 2.121877225837319 1.0609386129187368 3.0007875504697252 4.3743619633598305 2.121877225837273 2.3723308584404954 4.3743619633599
740.0052461206074 2.372330858440352 2.372330858440462 2.1218772258373337 2.372330858440475 1.060938612918522 0.0 2.121877225837264 2.1218772258373826 1.0609386129186225 1.5003937752347642 2.372330858440412 3.000787550469803 1.060938612918582 4.374361963359736 0.0 1.0609386129187413 2.1218772258374003 2.121877225837373 1.0609386129186409 2.1218772258372676 4.374361963359761 4.374361963359944 1.0609386129184457 4.374361963359861 4.374361963359824 2.121877225837278 3.0007875504698602 2.372330858440477 2.372330858440444 2.1218772258371827 3.0007875504697465 4.374361963359902 1.0609386129187484 1.0609386129186156 4.374361963359944 1.0609386129187077 1.0609386129185383 1.0609386129185936 2.121877225837382 1.0609386129186105 2.1218772258371943 2.3723308584406086 2.372330858440477 1.0609386129186464 1.06093861291879 2.3723308584404266 2.121877225837346 1.0609386129187146 2.1218772258373373 2.3723308584404905 1.0609386129187304 1.0609386129186238 2.1218772258373226 4.3743619633599335 3.0007875504698376 1.5003937752348795 2.3723308584404363 3.0007875504697856 0.0 2.121877225837278 2.372330858440398 2.1218772258372964 1.0609386129187082 4.374361963359918 1.0609386129187832 0.0 2.12187722583732 4.374361963359865 1.0609386129184413 1.060938612918711 2.1218772258373866 0.7426570290431046 1.0609386129186495 2.121877225837284 2.1218772258373106 1.0609386129186311 4.374361963359816 2.1218772258372414 2.121877225837221 2.1218772258373853 1.0609386129185947 4.374361963359893 2.1218772258373977 2.121877225837192 2.1218772258372502 4.3743619633598385 2.1218772258373493 2.121877225837394 2.121877225837303 0.0 1.060938612918718 2.121877225837322 2.121877225837233 0.0 1.060938612918459 2.121877225837375 1.0609386129184992 0.0 2.1218772258373724 2.372330858440397 1.0609386129186618 0.0 1.5003937752349266 0.0 2.1218772258372116 1.5003937752349412 2.1218772258373493 3.0007875504696346 0.0 0.0 2.372330858440559 1.0609386129186735 2.1218772258374123 2.1218772258373173 1.060938612918676 2.12187722583729 2.1218772258373075 2.1218772258373253 1.0609386129188292 1.0609386129186338 2.121877225837303 1.0609386129185676 1.0609386129186271 1.0609386129186327 1.060938612918474 2.3723308584404204 4.374361963359881 4.374361963359805 0.0 0.0 2.3723308584405114 2.121877225837309 1.0609386129186467 1.0609386129187284 2.121877225837407 4.374361963359808 2.3723308584403475 3.0007875504697545 3.0007875504696435 1.500393775234819
750.0052461206074 2.1218772258373435 2.3723308584403835 1.0609386129186715 2.121877225837359 1.060938612918815 0.0 2.121877225837227 2.121877225837255 2.1218772258372467 1.0609386129186522 1.060938612918674 2.121877225837289 2.1218772258371987 1.5003937752347718 2.1218772258372374 2.121877225837207 4.3743619633597755 2.1218772258373795 1.0609386129185947 1.060938612918615 0.0 3.0007875504696657 4.374361963359925 1.0609386129186469 2.3723308584404976 2.1218772258372782 3.000787550469742 4.374361963359887 1.060938612918473 1.0609386129186011 2.121877225837239 1.060938612918706 1.0609386129188358 4.37436196335992 1.0609386129184544 2.3723308584404506 2.1218772258372525 1.0609386129186311 2.1218772258372542 1.0609386129186824 2.1218772258373164 2.1218772258373377 2.3723308584405207 2.121877225837217 1.0609386129185656 0.0 2.121877225837222 2.121877225837321 1.0609386129188114 2.372330858440413 1.0609386129187393 2.1218772258373213 1.5003937752347813 1.0609386129186473 2.372330858440476 2.121877225837235 0.0 2.121877225837246 2.121877225837279 2.121877225837262 2.1218772258372147 2.1218772258372067 1.0609386129185823 2.121877225837327 1.0609386129187606 3.000787550469789 1.0609386129187344 1.0609386129186518 2.1218772258372285 2.121877225837307 2.121877225837384 3.000787550469745 2.121877225837255 1.0609386129186245 2.1218772258372036 2.121877225837211 2.1218772258373546 2.121877225837459 1.0609386129184861 2.372330858440367 1.060938612918692 2.1218772258373577 2.3723308584404874 2.3723308584406126 2.121877225837399 2.3723308584405003 2.1218772258372116 2.1218772258373138 2.121877225837263 1.0609386129185792 2.1218772258372347 2.1218772258372494 2.121877225837383 2.121877225837247 1.060938612918845 1.060938612918667 1.0609386129184677 4.374361963359946 2.121877225837199 1.0609386129186595 2.1218772258373257 0.0 1.0609386129186762 2.1218772258373333 2.372330858440545 1.06093861291868 2.1218772258372915 1.5003937752349612 2.3723308584404688 2.3723308584404736 0.0 2.121877225837217 1.060938612918679 2.372330858440424 2.1218772258373058 1.0609386129186802 2.121877225837258 1.0609386129186216 3.0007875504697 3.0007875504697035 3.0007875504697195 3.0007875504696915 2.3723308584404714 2.1218772258373217 2.121877225837217 0.0 2.121877225837311 1.0609386129186416 2.372330858440392 2.372330858440523 2.372330858440478 2.1218772258372667 1.060938612918751 2.1218772258372534 1.0609386129185518 1.060938612918649 3.000787550469914 2.3723308584404643 2.372330858440348 2.1218772258372316
760.0052461206074 2.121877225837329 3.0007875504697203 1.060938612918468 1.500393775234865 2.3723308584404643 1.5003937752348553 2.121877225837353 2.3723308584404843 2.121877225837329 3.0007875504696786 4.374361963359801 2.121877225837275 1.060938612918521 1.5003937752348457 1.0609386129187908 2.1218772258372107 1.0609386129184804 2.121877225837364 4.374361963359806 1.060938612918697 3.0007875504695467 2.121877225837161 1.0609386129184801 1.0609386129186622 1.060938612918733 2.1218772258373355 1.0609386129185074 1.060938612918611 1.060938612918716 2.1218772258374288 1.0609386129187555 2.1218772258372205 1.0609386129185092 1.500393775234898 1.0609386129187137 1.0609386129186935 1.0609386129185763 2.1218772258372876 2.1218772258372454 2.121877225837255 1.060938612918748 3.0007875504697625 2.372330858440401 4.374361963359803 2.121877225837379 3.0007875504697625 2.1218772258373786 4.374361963359815 4.24375445167462 0.0 2.12187722583737 3.0007875504697603 2.1218772258372565 3.0007875504696977 0.0 1.0609386129186713 2.372330858440469 1.0609386129185843 1.060938612918691 4.374361963359797 2.1218772258372414 4.374361963359923 2.121877225837371 2.1218772258373506 1.0609386129186316 2.372330858440517 2.1218772258372165 1.0609386129187144 1.0609386129186396 2.1218772258374865 1.060938612918461 4.374361963359867 1.0609386129187575 4.374361963359995 2.121877225837375 1.0609386129186695 0.7426570290429764 1.0609386129186171 1.0609386129187373 0.0 1.0609386129188014 3.354982474442584 2.3723308584405234 2.1218772258371943 1.5003937752348475 0.0 2.121877225837219 2.121877225837308 2.121877225837288 2.1218772258372427 2.1218772258372383 2.121877225837206 2.121877225837285 2.372330858440461 1.0609386129188214 4.374361963359963 4.374361963359891 2.121877225837397 2.1218772258373453 0.0 2.1218772258373466 3.00078755046976 1.0609386129187282 3.0007875504696857 1.5003937752348884 2.121877225837253 1.0609386129184633 1.0609386129186347 0.0 1.060938612918631 0.0 1.0609386129186058 1.0609386129185097 2.121877225837253 1.0609386129185976 1.5003937752346825 1.0609386129185296 4.37436196335979 2.1218772258372973 4.374361963359978 2.1218772258372374 2.12187722583723 2.12187722583734 1.0609386129186367 1.060938612918623 2.3723308584405203 1.0609386129188219 1.0609386129186165 2.1218772258373364 4.374361963359936 2.372330858440542 4.37436196335992 1.0609386129186855 2.1218772258373373 2.1218772258373266 2.1218772258373537 1.0609386129185199 4.374361963359808 2.37233085844048 2.1218772258373466
770.0052461206074 1.0609386129186387 2.3723308584405074 1.0609386129184735 1.0609386129185887 4.374361963359777 1.5003937752348426 1.0609386129185763 2.1218772258372955 2.1218772258372485 2.1218772258373213 2.121877225837387 1.5003937752348806 1.0609386129188128 1.060938612918568 2.3723308584404044 2.121877225837455 2.1218772258374083 1.0609386129186325 2.1218772258372187 2.12187722583729 2.121877225837337 1.0609386129187035 2.1218772258373213 2.1218772258374123 1.0609386129187615 2.121877225837289 2.1218772258374052 2.121877225837283 2.121877225837278 1.0609386129187421 4.374361963359818 3.0007875504696915 4.37436196335987 0.0 2.121877225837278 1.0609386129186866 1.0609386129186622 2.1218772258373413 1.0609386129186786 2.3723308584404283 2.121877225837323 0.0 2.372330858440484 1.0609386129186875 1.06093861291846 3.0007875504697195 1.0609386129187492 2.1218772258373053 2.1218772258373244 4.374361963359865 2.121877225837235 2.121877225837295 1.0609386129188523 2.12187722583738 4.374361963359926 2.1218772258373377 3.000787550469785 1.0609386129186233 1.0609386129187237 1.0609386129186618 2.372330858440442 2.3723308584404132 1.0609386129185119 2.121877225837291 2.121877225837299 2.3723308584404643 2.121877225837294 2.1218772258373155 1.5003937752348526 4.3743619633598545 2.3723308584405585 1.0609386129186913 1.0609386129185103 1.0609386129186973 1.060938612918849 1.5003937752348477 1.0609386129186544 2.1218772258373284 2.1218772258373773 2.1218772258372094 1.0609386129185274 0.0 2.1218772258372898 2.3723308584402387 1.0609386129186713 2.1218772258372907 1.0609386129185119 4.37436196335993 2.121877225837238 2.372330858440455 2.1218772258372343 2.121877225837368 1.0609386129187355 2.372330858440451 2.1218772258372325 2.1218772258372836 1.0609386129184888 1.0609386129186575 2.1218772258372756 1.500393775234756 1.0609386129188028 2.1218772258373297 1.5003937752348122 1.5003937752349115 1.5003937752347536 1.0609386129186074 2.121877225837383 1.060938612918646 2.3723308584404714 2.121877225837331 0.0 1.0609386129186507 2.372330858440305 2.1218772258373804 1.0609386129187646 0.0 2.1218772258373413 4.374361963359883 2.1218772258372502 1.060938612918661 1.5003937752348167 2.121877225837284 1.0609386129184573 4.3743619633598945 1.0609386129185956 0.0 2.121877225837359 4.374361963359856 2.372330858440587 2.1218772258372596 2.3723308584404292 2.121877225837282 1.0609386129186482 1.0609386129186607 2.12187722583732 2.1218772258372374 2.121877225837304 0.0 2.3723308584404683 2.121877225837318
780.0052461206074 2.1218772258372565 0.0 3.000787550469892 2.1218772258372836 2.1218772258373906 2.121877225837366 1.0609386129186886 2.121877225837261 4.3743619633599415 2.121877225837256 2.121877225837308 2.121877225837242 4.243754451674812 1.060938612918608 1.0609386129187444 1.0609386129187055 2.1218772258373595 2.1218772258373395 1.5003937752349403 1.0609386129186402 1.0609386129185885 2.121877225837259 2.121877225837315 2.121877225837284 1.0609386129186902 1.0609386129186906 2.1218772258372174 3.0007875504696364 2.1218772258372622 2.121877225837365 1.0609386129187113 4.37436196335984 4.374361963359847 2.121877225837367 2.1218772258373577 4.374361963359884 2.121877225837347 1.0609386129186726 1.0609386129187612 2.121877225837283 2.121877225837286 2.3723308584404434 3.0007875504696355 2.121877225837252 3.000787550469664 2.3723308584404013 2.1218772258372187 1.0609386129186813 1.0609386129187135 4.37436196335992 4.3743619633599495 1.0609386129186171 2.121877225837274 4.374361963359952 2.372330858440482 2.12187722583736 2.1218772258374665 1.5003937752349252 1.500393775234941 3.000787550469778 1.5003937752348693 4.374361963359889 1.0609386129187455 2.121877225837315 2.1218772258372174 0.0 2.1218772258374043 4.374361963359827 2.1218772258373044 2.1218772258373813 0.0 4.374361963359862 2.3723308584404506 2.12187722583731 1.0609386129188396 1.0609386129186624 2.121877225837309 3.0007875504695782 4.374361963359804 3.354982474442694 2.121877225837299 2.372330858440385 1.0609386129187846 2.3723308584404315 1.060938612918546 4.374361963359872 4.374361963359894 1.0609386129186196 1.060938612918484 0.0 4.374361963359971 3.0007875504697554 2.1218772258373866 2.121877225837303 2.121877225837215 4.374361963359965 2.121877225837232 1.0609386129186276 1.0609386129187084 2.1218772258373817 4.374361963359866 3.0007875504697585 1.0609386129185612 2.3723308584403946 2.1218772258372116 4.374361963359921 1.0609386129185157 2.37233085844041 2.1218772258372365 2.121877225837279 4.374361963359843 3.0007875504696977 2.121877225837167 4.374361963359955 2.1218772258373693 1.0609386129186489 1.0609386129184604 4.374361963359883 2.1218772258373817 4.374361963359967 1.500393775234686 1.0609386129185996 4.374361963359802 1.0609386129186622 1.5003937752349024 6.3656316775118515 2.121877225837339 2.121877225837256 2.121877225837255 0.0 0.0 2.1218772258372587 2.1218772258373506 1.0609386129187166 1.0609386129187097 3.000787550469697 4.3743619633598385 4.374361963359963 0.0 4.374361963359855
790.0052461206074 2.121877225837246 4.374361963359869 2.12187722583728 3.000787550469675 1.0609386129188016 2.1218772258372867 2.1218772258373253 2.372330858440538 1.0609386129188534 3.000787550469673 1.0609386129184812 1.0609386129185885 2.121877225837351 2.121877225837362 2.121877225837328 1.0609386129187375 2.12187722583732 2.3723308584404097 1.0609386129186438 2.1218772258371064 4.374361963359987 1.5003937752348293 1.0609386129185037 1.0609386129186311 2.1218772258372463 2.1218772258373257 2.1218772258373177 2.1218772258372622 2.3723308584403755 4.243754451674758 2.121877225837366 2.372330858440405 0.0 2.1218772258373426 2.3723308584402716 3.0007875504696426 1.060938612918633 2.1218772258373293 2.1218772258372187 2.372330858440485 1.060938612918484 2.3723308584404856 2.1218772258373475 1.0609386129185925 1.0609386129188074 2.3723308584404905 1.0609386129187313 1.0609386129187082 1.0609386129186342 3.0007875504697625 3.00078755046984 2.121877225837271 1.5003937752347898 1.0609386129186917 0.0 1.0609386129186735 3.3549824744427608 1.500393775234843 2.12187722583727 1.500393775234871 2.3723308584405345 1.0609386129185936 1.0609386129188136 2.1218772258372876 1.060938612918723 2.121877225837276 2.1218772258372525 4.37436196335988 1.0609386129184901 4.374361963359923 2.121877225837202 0.0 1.5003937752348524 1.0609386129186333 2.121877225837333 3.354982474442599 1.4853140580861572 2.1218772258372085 2.1218772258373417 2.3723308584404297 1.0609386129186356 2.3723308584404568 2.3723308584403977 2.1218772258371397 2.121877225837314 2.121877225837303 1.0609386129187093 3.00078755046971 1.0609386129184935 2.1218772258372813 1.0609386129186278 2.1218772258372303 1.060938612918518 1.5003937752348284 1.060938612918513 1.0609386129186715 1.0609386129186196 2.1218772258373706 2.1218772258372507 2.1218772258372454 1.0609386129186136 4.374361963359912 2.121877225837225 2.372330858440409 0.0 3.0007875504697554 2.121877225837357 2.1218772258372867 2.3723308584404714 1.500393775234888 2.3723308584404923 2.1218772258372116 2.372330858440452 2.121877225837391 1.0609386129185534 1.0609386129186311 2.121877225837375 0.0 1.0609386129185148 1.0609386129186522 2.121877225837467 2.121877225837272 3.0007875504696377 2.1218772258373098 2.121877225837275 4.374361963359927 2.121877225837255 3.0007875504696497 2.3723308584405474 2.3723308584403795 2.372330858440364 1.0609386129186749 1.0609386129188363 2.1218772258373018 1.0609386129188103 4.3743619633599415 3.1828158387560133 2.1218772258372813 6.365631677511983 3.000787550469718
800.0052461206074 3.000787550469693 2.372330858440496 1.0609386129186607 1.0609386129186607 4.374361963359873 1.060938612918571 2.121877225837279 2.121877225837291 1.0609386129187657 4.374361963359951 1.060938612918631 1.0609386129186833 1.0609386129188054 3.0007875504697457 1.0609386129186191 1.0609386129185794 2.121877225837384 4.3743619633599 1.060938612918701 4.374361963359921 1.0609386129186547 2.121877225837321 2.121877225837292 2.121877225837224 2.121877225837287 2.1218772258373058 1.0609386129185256 1.0609386129186535 2.121877225837353 1.0609386129186444 2.12187722583733 0.0 2.121877225837379 3.0007875504696866 2.372330858440352 2.1218772258372725 2.121877225837234 4.374361963359851 1.0609386129187917 2.3723308584404696 1.0609386129185272 2.3723308584404825 0.0 1.0609386129186522 2.121877225837282 2.372330858440585 1.0609386129187004 2.1218772258373475 1.0609386129184706 2.3723308584403804 2.1218772258372494 1.0609386129185963 2.1218772258372196 4.37436196335992 1.060938612918651 1.0609386129186233 2.1218772258372742 3.0007875504696924 2.1218772258373875 1.0609386129185956 2.372330858440439 2.1218772258373253 1.0609386129187772 4.3743619633599 1.0609386129185716 2.372330858440449 1.0609386129187883 1.0609386129186635 2.1218772258372507 2.372330858440457 3.0007875504696093 4.374361963359849 2.121877225837229 2.1218772258372267 2.1218772258372196 2.12187722583729 4.374361963359868 2.1218772258372245 1.0609386129185197 3.000787550469801 2.1218772258373724 2.1218772258372263 2.121877225837393 0.0 2.121877225837249 4.374361963359915 1.0609386129184915 4.374361963359937 1.06093861291865 4.374361963359847 2.1218772258373315 3.000787550469757 2.1218772258372205 3.00078755046974 2.121877225837383 1.060938612918676 1.0609386129186982 4.37436196335986 1.0609386129188254 2.1218772258372995 1.060938612918698 4.374361963359952 1.0609386129185674 2.1218772258373817 4.374361963359864 1.0609386129185756 1.0609386129187652 2.3723308584404803 2.121877225837406 2.1218772258373213 3.0007875504698243 3.0007875504697 2.3723308584404785 1.060938612918629 1.0609386129185359 1.0609386129187166 2.121877225837356 2.121877225837308 4.374361963359818 1.060938612918596 2.1218772258373897 4.374361963359792 2.1218772258372285 4.37436196335987 3.354982474442668 4.374361963359805 0.0 2.121877225837223 2.3723308584404474 1.0609386129186575 2.3723308584405642 1.0609386129187228 2.121877225837331 1.0609386129185854 2.1218772258373657 2.3723308584405274 3.0007875504697283 3.0007875504697554 2.12187722583733 1.0609386129186302
810.0052461206074 2.3723308584404617 4.374361963359928 2.1218772258373817 2.121877225837203 2.121877225837432 2.1218772258373044 1.0609386129187564 1.0609386129187022 2.1218772258372387 2.12187722583737 2.121877225837397 2.1218772258372636 1.0609386129186595 2.121877225837319 1.060938612918598 1.060938612918634 1.0609386129188048 4.374361963359904 1.0609386129188172 2.1218772258372405 2.121877225837354 1.0609386129185847 2.1218772258373058 2.121877225837257 2.121877225837411 4.374361963359964 1.060938612918678 2.1218772258373946 2.1218772258372294 4.243754451674457 1.060938612918755 2.1218772258372676 1.060938612918525 1.5003937752348873 4.374361963359867 1.0609386129185625 2.1218772258372667 1.5003937752348746 1.0609386129187404 3.0007875504697346 1.0609386129186835 2.372330858440396 2.121877225837269 2.121877225837318 2.1218772258373684 0.0 1.0609386129185343 2.1218772258373244 2.1218772258370997 4.374361963359915 2.3723308584404843 1.0609386129186495 2.1218772258373844 0.0 1.5003937752349412 2.1218772258372884 3.0007875504695862 2.121877225837199 2.12187722583722 2.121877225837317 4.37436196335998 2.1218772258373857 3.000787550469674 1.0609386129186604 1.0609386129187246 2.121877225837395 2.1218772258372387 2.3723308584404945 2.1218772258372036 2.372330858440375 1.0609386129185836 2.121877225837253 1.060938612918524 3.0007875504697017 2.121877225837387 2.1218772258373364 0.742657029042936 1.0609386129186298 1.0609386129186325 2.3723308584404816 2.1218772258373297 2.3723308584404053 2.121877225837343 2.1218772258374075 4.374361963359784 2.1218772258373 2.121877225837415 2.121877225837271 1.0609386129186706 2.121877225837199 2.121877225837221 2.121877225837245 1.0609386129184557 2.1218772258372334 1.0609386129188287 1.0609386129185827 2.1218772258372325 2.121877225837384 2.121877225837383 2.1218772258373377 1.060938612918573 0.0 2.1218772258373977 0.0 1.0609386129188334 4.374361963359831 2.1218772258372587 4.374361963359977 2.37233085844043 2.1218772258372143 2.3723308584404923 0.0 2.121877225837219 4.374361963359835 1.0609386129187819 4.37436196335984 2.121877225837375 0.0 2.1218772258373257 1.0609386129186698 1.5003937752347305 4.3743619633599815 0.0 2.121877225837331 1.0609386129184848 2.3723308584404066 2.121877225837249 3.0007875504697434 0.0 0.0 3.0007875504696333 4.37436196335996 2.1218772258374834 2.121877225837381 2.1218772258372995 3.000787550469759 2.3723308584405247 2.121877225837269 2.1218772258373853 3.000787550469754
820.0052461206074 3.00078755046968 2.121877225837355 1.060938612918833 1.060938612918626 0.0 0.0 2.121877225837221 2.1218772258373213 2.1218772258373932 2.1218772258373626 1.0609386129185534 1.0609386129186271 1.060938612918801 3.0007875504696666 1.0609386129185001 4.37436196335992 2.1218772258373018 4.374361963359928 1.5003937752349026 3.3549824744427874 2.121877225837299 2.121877225837383 2.121877225837296 2.121877225837283 1.0609386129188445 2.1218772258372995 1.0609386129185052 1.060938612918682 0.0 2.1218772258373297 1.0609386129188036 2.1218772258372613 4.374361963359911 1.0609386129186176 2.3723308584404514 1.500393775234803 1.0609386129184608 4.374361963359908 2.1218772258373124 0.0 2.121877225837349 2.1218772258373346 0.0 2.121877225837307 1.0609386129185623 2.3723308584404275 2.1218772258372276 1.0609386129185825 2.121877225837181 0.0 2.1218772258372165 1.0609386129186276 3.0007875504697608 2.372330858440468 1.0609386129187126 2.121877225837233 2.3723308584404252 1.0609386129187197 2.1218772258373155 4.374361963359958 0.0 1.0609386129186018 1.060938612918517 1.0609386129186105 2.121877225837365 2.3723308584403795 2.1218772258372365 1.5003937752348717 1.5003937752348102 2.1218772258374035 2.3723308584404066 2.37233085844046 1.06093861291867 2.1218772258372653 2.121877225837203 2.1218772258373337 3.000787550469563 2.121877225837353 1.0609386129186311 2.121877225837255 1.0609386129186373 2.1218772258372685 4.37436196335984 3.0007875504697097 1.5003937752349075 0.0 2.1218772258374097 1.06093861291865 2.121877225837285 1.5003937752347818 2.1218772258373644 2.121877225837228 2.121877225837263 2.1218772258372915 2.1218772258372764 3.0007875504698105 1.0609386129185316 2.1218772258373133 1.0609386129187963 0.0 2.1218772258372463 0.0 1.0609386129187315 1.500393775234793 2.1218772258373972 4.374361963359947 2.1218772258372254 1.0609386129185994 2.1218772258372907 6.365631677511913 0.0 2.121877225837367 3.000787550469916 2.121877225837355 2.1218772258372107 2.121877225837358 2.1218772258373835 0.0 4.374361963359917 1.0609386129186194 1.0609386129187637 2.121877225837376 1.0609386129187175 1.0609386129186729 2.3723308584403164 3.000787550469709 2.1218772258372285 1.0609386129186282 0.0 2.1218772258372867 4.374361963359923 2.121877225837323 2.1218772258372964 2.1218772258372747 1.0609386129187341 1.0609386129186722 2.121877225837227 2.121877225837321 2.1218772258373964 2.121877225837225
830.0052461206074 2.1218772258373857 2.3723308584404244 2.121877225837199 2.1218772258373493 2.3723308584404927 2.1218772258373537 2.1218772258372693 1.0609386129186142 1.0609386129187222 1.0609386129185896 3.0007875504695947 1.0609386129185872 2.1218772258373635 2.121877225837264 2.372330858440447 1.0609386129186442 1.0609386129188085 1.0609386129186544 3.0007875504696906 2.1218772258373915 1.0609386129187892 1.0609386129186236 1.0609386129188134 1.0609386129186886 2.121877225837211 2.12187722583734 2.121877225837202 1.0609386129185936 1.5003937752346743 4.243754451674485 4.374361963359858 2.1218772258372436 1.5003937752348584 2.121877225837314 2.372330858440423 4.374361963359868 2.121877225837209 2.121877225837209 2.121877225837355 2.121877225837293 4.3743619633597675 1.5003937752349017 2.1218772258373417 2.121877225837246 2.1218772258372804 1.5003937752348375 2.121877225837243 1.060938612918632 1.0609386129185945 2.372330858440431 2.3723308584405594 1.0609386129186242 2.12187722583737 2.1218772258373964 1.500393775234777 2.121877225837391 2.1218772258372947 2.1218772258372676 2.1218772258372747 4.374361963359929 2.121877225837168 2.121877225837343 1.0609386129185197 1.5003937752349472 2.1218772258374052 2.3723308584404528 2.121877225837219 4.374361963359831 2.121877225837336 2.1218772258372534 2.3723308584404794 2.372330858440377 3.000787550469554 2.121877225837199 1.0609386129185576 4.374361963359936 4.374361963359887 2.121877225837453 2.1218772258373044 1.5003937752348904 2.1218772258373337 1.0609386129186704 2.1218772258374017 2.3723308584405762 1.5003937752349057 2.3723308584404506 3.3549824744427745 2.121877225837211 2.1218772258372844 2.121877225837266 2.12187722583727 0.0 1.0609386129184515 1.0609386129186513 2.1218772258373395 2.1218772258373355 1.0609386129187068 4.3743619633599256 4.374361963360001 2.1218772258372622 0.0 2.372330858440527 1.0609386129184517 0.0 2.121877225837339 1.0609386129186857 1.0609386129188472 4.374361963359988 2.1218772258374217 2.3723308584404896 0.0 1.0609386129186424 2.121877225837329 1.060938612918618 1.060938612918643 1.0609386129186555 1.0609386129187766 1.0609386129186806 1.0609386129186178 2.121877225837266 1.060938612918499 4.374361963359826 3.0007875504697736 2.121877225837263 2.12187722583734 2.372330858440483 4.374361963359847 4.374361963359988 2.3723308584404625 4.374361963359856 0.0 2.1218772258372094 1.0609386129184928 2.1218772258372898 1.0609386129187008 4.374361963359981 4.3743619633599895 2.3723308584404204 1.0609386129185023 2.3723308584404768
840.0052461206074 1.5003937752347691 0.0 1.060938612918587 1.0609386129185958 2.1218772258372653 2.1218772258373115 1.0609386129188372 1.0609386129186456 1.0609386129185912 2.121877225837272 2.121877225837259 1.060938612918649 2.1218772258372565 2.1218772258372693 1.060938612918508 4.374361963359985 1.060938612918717 1.5003937752348389 2.1218772258373124 1.0609386129186367 1.0609386129188298 1.0609386129186655 2.1218772258373653 2.12187722583739 2.1218772258373573 2.3723308584404665 1.0609386129188498 1.0609386129186553 1.0609386129187863 4.243754451674676 2.121877225837358 1.5003937752348382 4.374361963359807 4.374361963359827 2.121877225837279 2.1218772258372756 2.1218772258372725 1.060938612918567 1.0609386129184986 4.3743619633599025 0.0 2.372330858440438 2.1218772258372445 3.0007875504697665 2.1218772258372955 1.0609386129186154 2.1218772258372898 2.1218772258373577 1.060938612918451 2.3723308584403573 4.374361963359773 1.0609386129186795 1.5003937752348087 3.3549824744427483 1.5003937752349052 2.121877225837238 0.0 2.121877225837258 1.060938612918789 1.0609386129186276 2.1218772258373764 4.374361963359923 4.374361963359929 2.121877225837308 2.1218772258373004 2.372330858440479 2.1218772258371486 2.1218772258373853 2.121877225837356 1.0609386129186213 1.0609386129187233 2.3723308584403653 1.0609386129188572 2.1218772258372876 4.374361963359853 2.372330858440381 2.1218772258373444 1.0609386129186569 2.1218772258372574 4.374361963359881 1.0609386129185472 1.060938612918677 2.121877225837348 4.374361963359881 3.3549824744425987 3.000787550469801 2.121877225837336 2.1218772258372893 4.37436196335984 2.1218772258372374 1.0609386129186154 1.0609386129187326 1.0609386129188287 2.1218772258373253 2.121877225837391 2.1218772258373697 2.1218772258373133 1.060938612918599 2.12187722583731 1.060938612918697 2.121877225837193 2.1218772258372343 1.060938612918564 2.1218772258372574 1.0609386129188407 1.50039377523483 2.121877225837279 1.060938612918614 2.121877225837275 6.36563167751195 2.1218772258371916 2.1218772258372245 2.3723308584405265 2.372330858440396 2.121877225837339 3.0007875504696604 1.060938612918455 1.0609386129186869 2.1218772258372622 4.37436196335989 2.37233085844035 2.1218772258373555 3.000787550469692 1.0609386129187122 2.1218772258373155 2.372330858440378 2.121877225837225 2.121877225837292 2.1218772258373857 1.0609386129186076 2.1218772258372094 1.5003937752347771 2.121877225837295 1.0609386129186296 2.1218772258372605 2.1218772258373155 1.0609386129187042 4.374361963359799 1.0609386129186995 2.121877225837296
850.0052461206074 2.1218772258373613 4.374361963359894 1.0609386129186766 4.3743619633598785 2.1218772258374416 0.0 2.1218772258373324 1.500393775234853 1.060938612918533 1.060938612918678 2.121877225837309 3.354982474442706 2.121877225837298 4.374361963359969 2.1218772258373244 1.0609386129186724 4.374361963359957 2.1218772258373355 1.0609386129188376 1.500393775234927 2.121877225837349 2.121877225837272 0.0 2.1218772258373333 1.0609386129186507 3.000787550469719 1.0609386129186842 1.5003937752348433 0.0 2.1218772258372405 2.3723308584404057 2.3723308584404794 1.0609386129185687 3.0007875504697124 4.374361963359917 2.1218772258373506 2.1218772258374106 3.000787550469736 2.1218772258373395 0.0 2.3723308584403586 1.500393775234792 2.1218772258372613 1.0609386129186822 2.1218772258372387 1.0609386129186609 1.500393775234991 1.060938612918676 2.1218772258372627 2.1218772258373195 4.3743619633597906 0.0 1.5003937752347356 2.121877225837314 1.0609386129188365 1.0609386129185958 2.121877225837379 2.121877225837303 1.0609386129185063 1.060938612918691 2.3723308584404634 1.0609386129186031 2.1218772258373404 1.0609386129187 2.1218772258372884 2.372330858440437 2.12187722583729 2.1218772258372662 1.0609386129187004 1.0609386129186935 2.1218772258373946 0.0 1.060938612918756 1.0609386129186094 2.1218772258373164 2.1218772258372915 4.374361963359896 2.3723308584404013 2.1218772258372653 0.0 4.243754451674649 1.485314058086147 1.060938612918572 2.3723308584403 4.37436196335992 0.0 1.500393775234766 1.0609386129186236 2.121877225837207 1.0609386129186655 2.1218772258372898 2.1218772258373053 1.0609386129186562 1.0609386129186618 2.3723308584403826 2.1218772258372964 1.0609386129187914 1.0609386129186604 1.50039377523481 4.374361963359848 1.060938612918767 4.374361963359944 1.0609386129185876 2.121877225837289 2.1218772258372414 2.1218772258373026 1.0609386129185192 2.1218772258373266 1.0609386129184577 4.37436196335995 2.121877225837468 2.1218772258373475 0.0 2.121877225837235 1.0609386129185245 2.1218772258373004 2.1218772258372502 2.3723308584405 1.0609386129184435 1.5003937752348164 2.121877225837204 2.1218772258373817 0.0 2.1218772258372485 0.0 2.3723308584404235 3.0007875504698407 2.3723308584404763 3.354982474442687 4.3743619633599415 2.1218772258371725 1.0609386129186866 1.0609386129184895 1.0609386129186529 2.121877225837239 1.5003937752348737 1.0609386129185816 2.1218772258373013 1.0609386129184848 2.121877225837265
860.0052461206074 2.121877225837303 2.372330858440432 2.121877225837322 1.5003937752349534 2.121877225837299 2.1218772258372542 2.121877225837208 2.121877225837259 2.121877225837365 2.1218772258372396 4.374361963359859 1.060938612918647 1.0609386129185971 0.0 2.1218772258372978 1.0609386129186953 1.060938612918824 2.121877225837314 1.0609386129185465 1.0609386129186367 2.1218772258372494 1.0609386129187144 1.0609386129185319 1.0609386129186267 1.0609386129187455 1.500393775234811 1.060938612918695 1.0609386129186436 2.372330858440519 4.243754451674718 2.3723308584403484 2.121877225837278 4.374361963359986 1.5003937752348553 2.37233085844053 3.0007875504696644 2.1218772258372764 2.121877225837325 2.121877225837389 2.372330858440473 2.1218772258372645 1.0609386129186078 1.0609386129184957 1.0609386129185914 1.060938612918474 0.0 2.372330858440584 2.121877225837233 1.0609386129184921 1.0609386129186753 3.000787550469677 1.0609386129186515 1.0609386129186797 1.0609386129186538 2.121877225837272 2.121877225837228 4.374361963359939 2.1218772258373213 1.0609386129187974 1.060938612918586 2.1218772258371237 1.060938612918614 1.060938612918725 2.1218772258372587 1.0609386129185259 2.1218772258372876 1.060938612918844 0.0 1.5003937752349559 1.0609386129187415 2.372330858440382 4.37436196335982 1.0609386129186256 1.0609386129186094 2.1218772258372964 3.0007875504696138 1.4853140580861603 2.1218772258373533 4.374361963359803 2.372330858440421 2.1218772258372693 3.0007875504697337 2.1218772258373124 0.0 2.1218772258373457 2.372330858440413 2.1218772258372636 2.121877225837363 2.121877225837371 2.1218772258372938 4.374361963359972 1.0609386129186311 2.1218772258372316 2.1218772258372933 1.060938612918825 1.0609386129186915 1.0609386129187348 2.121877225837348 3.0007875504697825 1.0609386129186456 1.0609386129186187 0.0 3.000787550469861 2.121877225837339 2.121877225837365 4.3743619633598385 1.060938612918744 2.1218772258372764 2.1218772258373586 1.0609386129186853 4.374361963359772 2.121877225837243 4.3743619633598945 2.121877225837361 2.121877225837402 2.1218772258372796 2.1218772258373026 0.0 2.121877225837275 2.1218772258372747 1.0609386129186122 2.1218772258372267 4.374361963359907 2.121877225837327 2.1218772258373293 2.372330858440412 2.1218772258373346 4.374361963359842 1.060938612918743 2.1218772258373524 2.1218772258375 4.374361963359821 2.1218772258373377 2.1218772258373115 2.121877225837307 2.121877225837298 2.121877225837299 2.3723308584404794 1.0609386129185951 0.0
870.0052461206074 2.121877225837312 2.1218772258372933 4.374361963359874 4.374361963359863 2.121877225837279 2.372330858440542 1.0609386129187588 1.0609386129186 2.1218772258373066 1.0609386129186686 2.121877225837219 3.0007875504696284 2.1218772258373124 2.121877225837343 2.3723308584405114 1.0609386129185856 4.374361963359969 4.3743619633599575 1.0609386129187905 1.0609386129186418 2.121877225837324 1.0609386129185845 2.1218772258373355 4.3743619633598065 1.0609386129186842 1.0609386129186846 2.1218772258373515 2.121877225837239 1.0609386129185354 2.1218772258373932 2.121877225837246 1.0609386129186111 2.121877225837399 4.374361963359904 2.121877225837355 2.3723308584405114 2.121877225837389 2.1218772258373195 1.060938612918815 2.3723308584404075 0.0 1.0609386129186094 2.121877225837253 1.0609386129186436 4.374361963359872 2.3723308584404474 1.0609386129185303 2.121877225837311 2.1218772258373884 1.0609386129186242 2.1218772258372343 2.3723308584404226 2.1218772258372995 1.0609386129186575 4.374361963359881 1.060938612918678 2.121877225837358 2.1218772258373853 1.0609386129184766 2.121877225837248 0.0 2.121877225837355 1.060938612918818 2.121877225837273 1.060938612918691 2.121877225837259 2.121877225837351 2.121877225837237 3.000787550469849 2.1218772258372187 1.0609386129187495 2.3723308584403475 2.1218772258372107 4.374361963359952 0.0 1.0609386129186813 0.7426570290431656 1.0609386129186844 4.374361963359932 4.374361963359917 2.121877225837255 3.000787550469769 1.0609386129188143 2.3723308584403573 4.374361963359747 0.0 2.1218772258373515 2.121877225837274 1.0609386129186655 2.121877225837223 1.0609386129186815 2.121877225837244 1.0609386129187284 3.0007875504696835 2.1218772258373884 2.12187722583729 2.1218772258372707 4.374361963359931 1.0609386129188583 1.0609386129186635 2.1218772258372267 4.374361963359888 1.0609386129187353 2.3723308584404306 2.1218772258372742 2.121877225837275 2.121877225837339 1.0609386129186884 4.374361963359953 4.374361963359904 2.1218772258373817 2.121877225837365 2.1218772258374745 1.0609386129186376 2.121877225837357 2.121877225837318 2.121877225837335 2.121877225837293 2.12187722583721 2.1218772258373746 1.5003937752348466 4.374361963359848 2.121877225837376 2.1218772258373457 1.06093861291852 2.3723308584404754 1.0609386129188327 0.0 2.372330858440431 2.121877225837342 2.3723308584403395 1.0609386129186231 1.0609386129187992 2.121877225837335 1.0609386129187333 2.1218772258372316 1.0609386129186142 0.0 2.1218772258372574 1.0609386129185943
880.0052461206074 2.372330858440341 2.3723308584403666 1.5003937752349263 2.121877225837387 1.060938612918806 2.372330858440482 1.5003937752349976 3.0007875504697736 1.0609386129185776 4.374361963359871 2.121877225837298 2.121877225837371 2.121877225837275 0.0 2.121877225837387 1.0609386129185998 1.0609386129187015 1.5003937752348484 4.374361963359932 4.374361963359961 2.121877225837255 2.1218772258373346 1.0609386129184737 2.121877225837281 0.0 2.1218772258373093 2.121877225837362 2.121877225837287 2.121877225837289 2.1218772258372427 2.121877225837399 4.374361963359831 2.1218772258373644 2.1218772258372094 3.0007875504695876 2.121877225837215 1.0609386129184937 1.5003937752349346 2.1218772258372303 2.121877225837376 1.0609386129187428 3.0007875504698105 1.060938612918807 1.0609386129186835 1.0609386129186709 2.3723308584404275 2.1218772258373573 2.1218772258373173 1.0609386129186642 1.0609386129186515 2.121877225837353 1.0609386129186047 2.121877225837379 2.372330858440392 2.121877225837234 2.121877225837331 0.0 2.1218772258373435 1.0609386129187228 2.1218772258374003 1.5003937752349954 2.1218772258372747 1.0609386129186897 1.0609386129186755 1.060938612918469 2.372330858440531 2.1218772258373066 4.374361963359912 2.1218772258373573 2.121877225837289 1.0609386129186915 2.3723308584404306 1.0609386129188634 2.1218772258373146 2.1218772258372045 1.0609386129186134 1.4853140580861517 2.1218772258373293 4.374361963359923 0.0 2.1218772258372782 4.374361963359911 0.0 2.1218772258373173 4.374361963359854 0.0 1.0609386129184737 1.0609386129186884 1.0609386129187541 1.0609386129186182 2.121877225837277 1.060938612918669 1.0609386129185736 4.374361963359923 2.121877225837335 2.3723308584404905 2.121877225837395 1.0609386129186515 1.060938612918598 3.000787550469728 1.0609386129188305 4.374361963359832 4.374361963359994 2.3723308584405007 2.372330858440476 1.0609386129186416 1.0609386129185243 3.0007875504696186 1.0609386129187954 4.374361963359893 4.374361963359932 2.1218772258373506 4.374361963359897 2.1218772258372214 2.1218772258373626 4.3743619633598465 2.1218772258372605 0.0 2.3723308584405376 1.500393775234882 2.121877225837276 3.000787550469685 0.0 0.0 1.0609386129184866 2.3723308584403955 2.12187722583728 4.374361963359972 1.06093861291858 1.0609386129186478 0.0 1.0609386129186211 1.0609386129185612 2.1218772258372827 2.1218772258373537 4.374361963359954 4.374361963359963 2.1218772258373066 2.121877225837331 1.0609386129186833
890.0052461206074 0.0 2.121877225837346 1.0609386129187097 2.1218772258373138 1.0609386129187706 2.3723308584404887 2.121877225837392 1.0609386129186573 1.060938612918639 2.1218772258373266 1.9126342844988777 2.121877225837362 1.0609386129187408 2.3723308584405407 1.0609386129187237 2.12187722583732 1.060938612918761 4.374361963359811 1.0609386129188223 1.0609386129186253 2.1218772258373413 3.0007875504697763 1.0609386129184557 2.121877225837335 2.1218772258372116 2.1218772258372613 2.1218772258372853 2.1218772258373866 2.121877225837368 1.0609386129186886 2.372330858440296 2.1218772258372733 2.121877225837291 2.121877225837356 4.374361963359855 1.0609386129187077 3.0007875504697186 2.1218772258372955 2.121877225837391 2.121877225837304 1.0609386129186524 2.1218772258373706 1.0609386129186782 1.0609386129186669 1.0609386129185272 2.372330858440421 1.0609386129188314 2.121877225837221 1.0609386129187897 2.1218772258372582 2.3723308584404816 1.0609386129186826 2.121877225837328 1.0609386129186305 1.0609386129186311 2.1218772258373044 2.372330858440353 3.0007875504696924 2.121877225837273 1.060938612918626 2.3723308584404355 1.0609386129186515 1.0609386129185228 2.1218772258373244 2.121877225837338 0.0 2.121877225837298 1.0609386129186202 1.060938612918788 4.374361963359976 2.1218772258374017 0.0 1.0609386129187375 2.121877225837409 2.1218772258374115 4.3743619633598385 0.7426570290430212 1.5003937752347793 2.1218772258374177 2.3723308584404412 2.1218772258372627 3.000787550469737 2.1218772258373635 2.121877225837386 4.37436196335984 2.1218772258373972 2.121877225837322 1.060938612918681 4.374361963359829 1.0609386129186322 3.000787550469809 1.0609386129186709 2.1218772258372782 1.0609386129186174 2.121877225837371 1.0609386129186853 2.1218772258373173 1.060938612918682 2.1218772258372014 2.1218772258372764 1.0609386129188028 4.374361963359833 1.0609386129187721 2.3723308584404736 1.0609386129187424 2.1218772258372964 2.3723308584403893 4.374361963359878 3.0007875504697465 1.060938612918644 2.3723308584403884 2.121877225837379 0.0 2.1218772258373475 1.0609386129186456 4.374361963359927 2.121877225837275 3.0007875504697408 2.1218772258373635 1.060938612918626 2.121877225837247 1.060938612918688 3.0007875504697057 2.121877225837283 1.0609386129185225 2.121877225837339 1.5003937752348353 3.0007875504696946 1.060938612918622 2.121877225837326 3.0007875504698234 2.1218772258372494 1.5003937752348364 1.0609386129185845 2.1218772258373164 1.5003937752348782 4.374361963359805 0.0 2.1218772258372844 2.1218772258372485
900.0052461206074 2.121877225837329 2.3723308584404017 1.0609386129185019 4.3743619633598065 1.0609386129184792 2.12187722583732 2.1218772258374683 1.0609386129186456 1.0609386129184881 2.121877225837358 6.365631677511964 2.1218772258372813 2.3723308584405185 2.372330858440543 1.0609386129186842 2.1218772258373644 4.37436196335984 3.354982474442626 2.1218772258373053 2.1218772258372343 2.121877225837311 4.3743619633599655 1.5003937752348735 2.121877225837339 1.0609386129185987 2.121877225837259 1.0609386129186775 2.1218772258372436 1.0609386129185543 2.121877225837269 0.0 1.5003937752348206 4.374361963359884 4.3743619633598545 2.3723308584404155 1.060938612918667 2.121877225837365 1.060938612918611 2.1218772258373995 2.1218772258373715 0.0 2.1218772258372205 1.0609386129186555 1.0609386129186473 1.0609386129186154 1.0609386129186376 3.0007875504696044 2.121877225837306 2.1218772258373497 2.1218772258372156 2.1218772258372978 4.374361963359803 1.5003937752348693 2.1218772258373817 2.121877225837332 1.0609386129187015 2.1218772258372893 3.000787550469726 2.1218772258372107 1.5003937752348346 2.3723308584404013 2.1218772258372276 2.121877225837343 0.0 1.0609386129188347 2.121877225837269 1.0609386129188174 3.000787550469676 1.0609386129186478 1.060938612918681 2.1218772258372653 4.374361963359936 2.121877225837214 2.1218772258373635 2.1218772258373315 2.121877225837253 0.7426570290431418 2.121877225837263 4.374361963359904 2.121877225837317 1.0609386129184875 1.485314058086187 2.121877225837207 3.000787550469747 2.1218772258373244 2.1218772258372867 1.060938612918598 2.121877225837272 2.121877225837269 4.3743619633599655 2.1218772258373164 2.1218772258373813 2.121877225837284 2.1218772258373613 0.0 3.000787550469788 2.121877225837292 1.0609386129186165 1.500393775234908 1.0609386129186957 2.1218772258372685 1.0609386129186715 2.1218772258373466 4.374361963359857 2.1218772258373253 2.121877225837328 4.374361963359845 1.0609386129186271 2.1218772258373417 2.1218772258372844 2.372330858440386 2.1218772258373257 1.0609386129187857 1.0609386129186755 1.0609386129188352 1.060938612918661 1.0609386129187166 2.1218772258373155 2.121877225837331 1.0609386129186857 2.121877225837302 1.0609386129186436 2.3723308584404568 4.374361963359941 2.121877225837231 1.5003937752348717 2.121877225837333 0.0 3.3549824744427 3.0007875504696733 2.3723308584405642 4.374361963359864 4.374361963359957 1.060938612918623 2.121877225837283 2.121877225837378 4.374361963359978 2.3723308584405185 2.1218772258372853 2.121877225837347
910.0052461206074 1.0609386129187472 2.3723308584405114 2.1218772258372494 1.0609386129186198 3.000787550469611 2.3723308584404696 2.1218772258372685 2.121877225837269 2.1218772258373457 2.1218772258373537 1.5003937752349081 1.0609386129186473 1.060938612918757 2.372330858440538 1.0609386129185112 1.0609386129186509 0.0 2.1218772258373004 4.374361963359886 1.0609386129186202 1.0609386129184672 2.1218772258373413 1.5003937752347531 1.0609386129186043 1.0609386129186549 2.1218772258372587 2.121877225837372 2.1218772258372587 1.0609386129187017 4.374361963359816 4.3743619633599655 2.121877225837351 2.121877225837257 2.121877225837283 2.372330858440452 1.5003937752348784 1.0609386129184721 0.0 2.1218772258373533 2.121877225837287 1.0609386129186176 1.0609386129187126 2.121877225837295 1.060938612918644 1.060938612918514 1.0609386129185971 2.121877225837196 1.0609386129186684 2.1218772258372542 1.0609386129186709 1.0609386129187288 2.121877225837313 6.365631677511884 4.374361963359851 1.5003937752350016 2.1218772258372316 2.121877225837415 2.3723308584404834 2.1218772258374083 2.1218772258373177 2.3723308584403817 2.121877225837225 2.121877225837293 2.121877225837328 2.121877225837267 4.374361963359943 2.121877225837274 0.0 2.121877225837316 1.060938612918684 2.1218772258372676 4.374361963359956 2.121877225837345 1.0609386129187017 1.060938612918655 4.3743619633598225 2.1218772258372907 1.0609386129185778 1.0609386129186769 2.3723308584403906 2.121877225837229 2.1218772258372773 0.0 4.374361963359809 4.374361963359805 2.1218772258372396 2.1218772258373506 2.1218772258373297 2.121877225837248 1.0609386129186276 1.0609386129184777 2.1218772258373106 2.121877225837299 1.0609386129186449 0.0 4.374361963359968 2.1218772258373835 2.1218772258373373 3.0007875504696733 2.1218772258373098 4.374361963359927 1.060938612918655 1.0609386129185816 4.374361963359844 4.374361963359859 1.0609386129186524 1.060938612918477 2.1218772258372915 2.1218772258373435 0.0 2.37233085844038 2.121877225837356 2.1218772258373253 3.000787550469743 1.0609386129185343 2.12187722583737 2.1218772258373906 1.060938612918718 1.0609386129185454 1.0609386129185925 1.5003937752349008 2.3723308584404426 2.1218772258374194 2.121877225837365 2.1218772258372263 2.372330858440478 2.121877225837282 2.3723308584404 4.37436196335977 2.1218772258372605 2.3723308584404066 2.121877225837285 1.0609386129187233 1.0609386129186755 1.0609386129185752 1.0609386129186342 3.0007875504695867 2.121877225837282 1.0609386129187977 2.372330858440463
920.0052461206074 2.121877225837247 2.372330858440476 2.1218772258371836 0.0 2.121877225837309 1.060938612918665 2.1218772258373906 2.1218772258372782 1.5003937752347396 2.121877225837269 4.374361963359871 2.1218772258372938 1.0609386129184966 3.0007875504697066 1.0609386129187623 1.0609386129186689 2.1218772258373053 1.060938612918601 2.1218772258372938 3.000787550469741 4.37436196335986 2.1218772258372742 6.365631677511955 2.1218772258373506 2.1218772258373684 1.0609386129186957 2.1218772258373213 4.374361963359869 1.0609386129186227 2.1218772258373275 2.121877225837286 2.3723308584403795 2.1218772258373275 4.3743619633598705 4.374361963359842 4.374361963359858 1.060938612918532 2.121877225837202 1.06093861291853 1.500393775234852 1.0609386129184635 2.121877225837271 2.121877225837222 2.121877225837349 1.0609386129187686 2.3723308584403946 2.1218772258372933 1.0609386129186713 2.1218772258373697 2.1218772258373275 1.06093861291882 2.121877225837264 2.1218772258373995 2.121877225837239 1.060938612918791 1.0609386129186138 2.121877225837356 2.1218772258373395 1.5003937752348075 1.060938612918669 2.3723308584404195 1.0609386129186857 2.1218772258373213 2.12187722583732 2.1218772258372027 0.0 2.1218772258373546 1.0609386129186857 1.5003937752348206 3.000787550469663 4.37436196335991 3.000787550469735 4.374361963359937 2.1218772258373764 2.121877225837291 2.1218772258373506 1.4853140580861384 1.0609386129186138 2.3723308584404372 2.1218772258373497 1.060938612918802 2.3723308584404603 2.121877225837259 2.372330858440439 4.374361963359875 2.1218772258373044 2.121877225837334 1.0609386129186391 0.0 3.0007875504696275 1.0609386129188214 4.374361963359946 0.0 1.5003937752348693 1.0609386129186975 2.121877225837359 2.121877225837305 2.121877225837297 2.1218772258372383 2.3723308584403955 1.0609386129186855 2.121877225837242 1.060938612918801 2.372330858440466 2.121877225837215 2.121877225837295 2.1218772258372436 2.1218772258372867 3.0007875504695964 2.121877225837242 2.121877225837507 2.121877225837307 2.1218772258372294 1.0609386129186702 1.0609386129187035 4.374361963359886 1.0609386129187597 1.500393775234826 0.0 2.1218772258373497 1.0609386129186484 3.000787550469799 2.121877225837327 2.1218772258372227 2.1218772258371783 2.3723308584404137 1.060938612918506 2.3723308584403924 1.060938612918839 2.1218772258373573 2.372330858440411 2.1218772258373635 1.0609386129186282 2.1218772258373013 1.0609386129184863 4.3743619633598785 1.060938612918751 4.374361963359857 2.1218772258373453 1.5003937752348264
930.0052461206074 0.0 2.1218772258372502 3.0007875504697563 2.121877225837318 1.0609386129184601 2.1218772258372494 1.0609386129186968 2.1218772258372396 1.0609386129188114 2.121877225837243 1.0609386129187786 1.060938612918706 1.060938612918716 0.0 1.0609386129186977 1.0609386129186476 4.374361963359959 1.5003937752348573 2.121877225837279 1.0609386129186589 1.060938612918683 2.1218772258372485 2.1218772258372365 3.0007875504696666 1.0609386129185971 1.0609386129186986 1.0609386129186373 1.0609386129186105 1.0609386129185394 2.1218772258372187 1.060938612918524 1.0609386129187208 2.1218772258372325 1.0609386129185987 2.12187722583723 2.12187722583731 2.121877225837343 2.1218772258373173 2.1218772258374057 3.000787550469727 4.374361963359896 1.0609386129186293 4.37436196335995 4.374361963359952 1.0609386129186003 2.3723308584405007 1.0609386129186347 4.374361963359832 2.1218772258372725 4.374361963359884 1.060938612918692 0.0 0.0 2.1218772258372445 2.1218772258373497 1.0609386129186902 2.1218772258373817 2.1218772258372653 2.121877225837359 3.0007875504697554 0.0 2.1218772258373337 1.0609386129185077 1.060938612918615 1.0609386129185228 2.121877225837348 1.5003937752349532 1.0609386129186387 4.374361963359767 2.1218772258373786 2.372330858440413 0.7426570290430812 2.121877225837273 1.0609386129186327 2.121877225837252 2.1218772258373613 1.4853140580861384 2.1218772258372187 2.1218772258373013 2.3723308584403977 2.121877225837269 0.0 2.1218772258372978 0.0 0.0 3.0007875504696866 1.0609386129186473 1.0609386129186122 2.1218772258374474 3.0007875504698 1.060938612918488 1.060938612918685 2.3723308584403013 1.060938612918615 3.0007875504698776 3.0007875504696386 1.0609386129188119 1.0609386129186162 1.0609386129185363 2.1218772258372565 0.0 2.121877225837385 0.0 4.37436196335987 1.060938612918526 2.121877225837383 1.0609386129188203 1.0609386129186278 2.1218772258373426 2.121877225837261 2.3723308584404363 1.0609386129186755 2.1218772258372955 1.0609386129187002 2.12187722583722 1.0609386129185967 3.000787550469644 1.0609386129186855 1.0609386129186618 1.0609386129186456 1.0609386129184697 1.060938612918647 0.0 2.121877225837328 1.5003937752348553 4.37436196335988 1.5003937752348988 2.372330858440461 3.0007875504697967 2.121877225837211 4.374361963359871 1.5003937752348546 2.121877225837173 1.5003937752348984 1.0609386129184917 2.3723308584403737 1.0609386129188223 2.3723308584404514 1.0609386129188536 2.1218772258373386
940.0052461206074 1.0609386129186575 2.3723308584403537 2.121877225837304 2.121877225837326 3.000787550469677 2.3723308584404013 1.0609386129185578 2.121877225837319 1.0609386129184704 2.121877225837219 2.1218772258371894 4.374361963359818 2.1218772258374137 2.372330858440375 1.0609386129186642 2.1218772258372742 1.0609386129185612 2.1218772258372613 2.12187722583732 3.0007875504696355 2.121877225837268 1.0609386129186231 1.060938612918583 1.0609386129186518 2.121877225837471 1.0609386129186305 1.0609386129186626 2.1218772258373684 1.0609386129188039 2.121877225837308 1.0609386129185603 6.365631677511883 1.0609386129186436 2.121877225837291 1.0609386129187282 2.121877225837386 2.1218772258373715 2.1218772258372756 4.374361963360009 1.0609386129186276 2.1218772258372502 2.12187722583725 4.37436196335989 1.060938612918712 1.060938612918537 2.1218772258372693 2.12187722583725 1.0609386129186447 1.0609386129184653 1.0609386129186813 2.121877225837339 4.374361963359893 1.060938612918456 1.5003937752348568 3.0007875504697687 2.1218772258372636 1.0609386129185672 4.374361963359836 3.000787550469765 2.1218772258373235 2.1218772258372485 1.5003937752348753 2.1218772258372134 3.0007875504697505 2.121877225837277 0.0 1.500393775234872 1.0609386129186316 2.121877225837297 3.000787550469687 3.000787550469659 0.7426570290430671 1.0609386129185727 1.060938612918707 1.0609386129187155 2.1218772258373604 0.7426570290432315 2.1218772258373018 2.372330858440521 2.372330858440452 2.1218772258373115 2.121877225837313 1.060938612918765 4.374361963359865 4.374361963359941 2.121877225837312 2.1218772258373106 1.0609386129187104 2.1218772258372565 2.121877225837338 2.1218772258372334 1.0609386129186604 2.1218772258374226 2.1218772258372662 1.060938612918481 1.060938612918601 1.0609386129187526 1.0609386129186626 1.0609386129185157 2.1218772258373355 2.121877225837349 1.0609386129186695 2.1218772258372516 2.1218772258372924 1.0609386129187754 0.0 2.121877225837275 2.1218772258372933 2.1218772258372227 3.0007875504697274 4.374361963359873 1.060938612918649 4.374361963359923 3.0007875504697057 2.1218772258371708 2.1218772258372445 2.1218772258372893 4.374361963359839 4.374361963359854 1.5003937752348386 4.374361963359843 4.37436196335995 4.3743619633599575 2.121877225837277 2.1218772258373404 1.5003937752347838 2.1218772258372645 2.3723308584404514 2.1218772258372196 2.121877225837354 3.00078755046967 2.12187722583731 4.374361963359912 1.060938612918704 2.121877225837331 2.1218772258372973 2.121877225837259 0.0 2.12187722583722 3.000787550469686
950.0052461206074 2.121877225837224 2.372330858440401 1.0609386129187794 4.374361963359966 1.0609386129184806 2.1218772258373373 2.121877225837327 1.060938612918685 2.121877225837353 2.1218772258372502 1.0609386129185705 1.0609386129186535 2.121877225837245 2.3723308584404332 1.0609386129188103 2.121877225837339 3.00078755046971 1.060938612918687 6.365631677511966 1.0609386129186391 2.121877225837317 1.5003937752348355 1.060938612918469 2.121877225837337 3.000787550469548 1.0609386129186575 2.1218772258373617 2.1218772258373213 1.0609386129185052 4.3743619633599105 1.0609386129188034 3.0007875504698056 4.374361963359853 1.0609386129186953 4.374361963359918 2.121877225837285 1.060938612918626 0.0 1.0609386129185652 3.0007875504698047 2.1218772258372254 0.0 4.374361963359968 1.0609386129186469 2.1218772258372414 0.0 2.121877225837283 2.121877225837321 1.060938612918755 2.121877225837311 2.1218772258373373 2.372330858440479 2.1218772258373724 1.060938612918688 1.060938612918465 2.1218772258373115 1.0609386129186145 2.372330858440492 1.0609386129187082 2.121877225837254 1.060938612918719 1.060938612918664 2.1218772258374186 1.0609386129186118 2.121877225837281 2.372330858440472 2.1218772258373426 2.1218772258372414 1.0609386129184697 1.0609386129186547 1.5003937752348173 0.7426570290430671 4.374361963359976 2.1218772258373826 1.0609386129188354 1.060938612918677 0.7426570290431947 4.374361963359953 2.1218772258372653 1.5003937752349112 2.121877225837289 2.121877225837355 4.374361963359835 2.12187722583725 4.374361963359814 2.372330858440432 2.121877225837304 2.121877225837243 1.0609386129187421 2.1218772258373506 2.1218772258372263 1.0609386129186253 0.0 0.0 2.3723308584403995 2.1218772258373884 4.374361963359985 2.1218772258373226 1.0609386129188214 3.0007875504696853 2.121877225837359 1.0609386129186307 2.121877225837277 2.372330858440461 2.1218772258373844 2.1218772258373257 1.0609386129184402 1.0609386129186107 1.0609386129186937 1.0609386129186584 2.3723308584404297 2.121877225837243 1.5003937752348206 1.0609386129186753 2.1218772258373244 2.1218772258373177 1.060938612918846 2.3723308584404594 1.0609386129187721 4.37436196335992 2.121877225837255 1.0609386129186875 2.37233085844041 2.121877225837321 4.374361963359905 2.372330858440407 1.0609386129188305 4.374361963359935 2.1218772258373884 2.1218772258373204 2.1218772258372525 2.121877225837278 4.374361963359976 2.121877225837242 1.0609386129186156 2.3723308584403866 1.060938612918728 2.1218772258373395 4.374361963359943 2.1218772258372245
960.0052461206074 1.060938612918741 2.372330858440427 1.060938612918443 2.121877225837336 2.121877225837358 2.121877225837308 1.0609386129187994 4.374361963359861 1.0609386129187666 2.1218772258373337 2.1218772258372867 1.0609386129186527 2.121877225837303 4.374361963359904 2.121877225837324 2.121877225837312 3.354982474442683 1.060938612918653 2.1218772258372973 6.3656316775118675 1.060938612918535 3.000787550469706 4.374361963359892 1.060938612918695 4.374361963359838 4.374361963359896 1.0609386129185567 2.1218772258373475 1.0609386129185152 4.374361963359818 2.121877225837318 2.1218772258372622 2.121877225837248 1.500393775234946 3.000787550469628 1.0609386129186233 2.121877225837358 0.0 0.0 2.121877225837281 1.0609386129186102 4.374361963359926 2.3723308584405194 1.060938612918709 2.1218772258372596 2.3723308584403675 3.000787550469835 2.121877225837319 1.060938612918671 1.060938612918653 1.5003937752347851 1.5003937752349343 3.000787550469774 1.0609386129186833 2.121877225837237 1.0609386129186777 0.0 4.374361963359968 2.1218772258372463 2.1218772258372987 2.121877225837313 2.1218772258373138 1.0609386129188374 1.0609386129186078 1.060938612918473 2.121877225837318 2.1218772258373377 2.121877225837388 4.3743619633599335 1.060938612918626 2.1218772258373826 1.4853140580861108 2.1218772258371863 2.1218772258372645 1.0609386129188314 2.1218772258372307 1.4853140580861297 2.121877225837252 3.0007875504697865 2.1218772258372516 2.121877225837245 2.121877225837239 1.060938612918533 4.3743619633598705 2.3723308584403884 3.0007875504697386 2.1218772258373617 2.121877225837231 1.0609386129186575 2.3723308584404372 2.121877225837293 1.0609386129186875 0.0 4.374361963359945 0.0 2.1218772258373373 4.374361963359863 3.000787550469669 1.5003937752348253 0.0 1.5003937752347618 1.0609386129186384 2.12187722583737 4.374361963359939 2.1218772258374052 2.3723308584404905 1.0609386129185685 2.3723308584404275 1.0609386129187366 3.000787550469693 4.374361963359974 1.0609386129186733 2.1218772258372964 1.0609386129186698 1.060938612918699 0.0 2.121877225837223 4.37436196335992 2.1218772258372507 2.1218772258373044 2.1218772258372227 2.121877225837271 3.0007875504699113 1.5003937752349534 1.0609386129187395 0.0 2.1218772258373093 2.1218772258372565 1.0609386129186067 2.1218772258372423 0.0 1.0609386129186011 2.372330858440386 2.1218772258373133 1.060938612918803 4.374361963359825 1.0609386129187315 3.354982474442676 1.5003937752347627 1.060938612918615
970.0052461206074 2.121877225837368 0.0 1.5003937752348937 2.121877225837239 2.121877225837279 2.3723308584404545 1.06093861291849 2.121877225837365 1.060938612918856 0.0 3.0007875504695405 3.000787550469705 2.372330858440411 2.372330858440358 2.121877225837251 2.1218772258372725 2.1218772258374385 1.5003937752348773 4.374361963359966 1.0609386129186744 2.121877225837326 2.121877225837331 2.121877225837294 2.1218772258372844 1.06093861291873 2.1218772258373146 1.5003937752349552 2.1218772258372516 2.1218772258372565 2.121877225837335 1.0609386129186913 2.3723308584404177 1.0609386129185236 1.0609386129186342 2.121877225837228 0.0 2.1218772258374257 4.24375445167468 2.121877225837333 2.121877225837297 1.0609386129185188 0.0 2.372330858440538 1.0609386129186715 2.1218772258373986 2.1218772258373564 1.0609386129186862 2.121877225837295 2.1218772258372143 1.0609386129186138 2.121877225837243 2.372330858440456 1.060938612918759 4.374361963359845 1.060938612918741 2.1218772258372622 2.1218772258372445 2.3723308584403684 2.121877225837424 1.0609386129186957 2.121877225837248 2.1218772258372907 1.0609386129185159 2.121877225837331 1.0609386129188452 1.0609386129186178 2.1218772258372947 2.1218772258372867 2.1218772258372876 4.374361963359827 1.0609386129188305 1.0609386129186087 3.0007875504697026 1.060938612918602 2.121877225837429 1.06093861291867 2.3723308584404754 1.0609386129186267 2.12187722583723 1.5003937752347614 2.121877225837365 2.1218772258373417 1.060938612918807 2.1218772258372955 0.0 2.372330858440431 2.1218772258373555 2.1218772258372183 1.0609386129185265 2.3723308584404514 1.0609386129188154 1.0609386129186242 2.372330858440496 1.060938612918687 4.37436196335979 3.000787550469702 2.121877225837228 1.0609386129186074 4.374361963359892 4.374361963359906 4.374361963359912 2.121877225837275 1.0609386129185947 4.374361963359898 2.1218772258373253 3.0007875504697203 1.0609386129186578 2.1218772258372836 2.121877225837331 3.000787550469707 3.000787550469652 2.1218772258373457 1.0609386129187053 1.0609386129187086 4.374361963359976 1.0609386129186447 2.121877225837265 2.3723308584404794 1.0609386129186338 4.374361963359976 1.060938612918555 3.0007875504698096 2.3723308584404776 1.5003937752348362 1.5003937752347936 2.1218772258372325 1.0609386129185876 2.121877225837281 4.374361963359831 1.0609386129186926 1.5003937752349155 2.1218772258372556 4.374361963359996 2.121877225837307 1.0609386129187472 2.372330858440401 1.0609386129186975 2.1218772258373364 1.060938612918606 4.37436196335992
980.0052461206074 1.0609386129187799 2.121877225837246 4.3743619633598625 1.0609386129186786 4.374361963359922 2.372330858440414 1.0609386129186356 2.121877225837219 2.121877225837191 2.3723308584403497 2.12187722583729 2.121877225837258 3.000787550469916 2.3723308584403924 1.0609386129184903 2.121877225837345 2.121877225837291 1.0609386129187015 1.5003937752348357 2.1218772258373333 2.12187722583729 2.1218772258372343 1.0609386129185259 2.1218772258373475 4.374361963359872 4.374361963359965 2.1218772258373506 4.374361963359851 2.121877225837228 2.3723308584404763 2.1218772258373986 3.0007875504696835 4.374361963359831 4.374361963359939 1.0609386129185512 2.121877225837332 1.0609386129187515 2.121877225837286 2.372330858440513 4.374361963359846 2.121877225837274 1.0609386129186176 2.3723308584405003 4.37436196335996 2.121877225837193 2.3723308584403884 2.121877225837284 3.0007875504696297 1.0609386129185854 4.374361963359898 2.1218772258373804 4.374361963359967 1.5003937752347323 1.0609386129186449 4.374361963359889 2.121877225837283 1.0609386129188068 2.3723308584404963 2.1218772258373755 2.121877225837318 1.5003937752347174 4.374361963359937 2.1218772258374297 2.121877225837225 1.06093861291863 3.0007875504697687 2.12187722583732 2.3723308584404226 2.121877225837292 4.374361963359836 1.0609386129187874 2.1218772258373684 2.1218772258372973 2.121877225837371 2.1218772258374115 2.1218772258373284 3.0007875504697226 2.1218772258373813 4.374361963359974 2.1218772258372196 1.060938612918703 1.5003937752347878 1.5003937752347978 0.0 2.37233085844044 2.3723308584404537 0.0 2.1218772258373324 2.121877225837337 2.3723308584404914 2.121877225837171 2.1218772258373013 4.374361963359803 2.121877225837291 2.3723308584405407 3.000787550469729 2.121877225837256 2.1218772258373715 1.060938612918485 2.1218772258372973 1.0609386129186875 1.0609386129187117 2.121877225837432 2.121877225837345 1.060938612918594 2.121877225837381 2.1218772258372383 2.3723308584404874 2.1218772258373 0.0 2.372330858440415 1.060938612918632 2.121877225837303 2.1218772258372725 1.0609386129184797 2.1218772258372582 1.0609386129187164 1.0609386129186409 2.1218772258373364 1.5003937752348526 2.1218772258373058 4.374361963359964 2.372330858440474 2.121877225837229 4.374361963359824 2.3723308584404834 4.374361963359953 2.121877225837365 4.37436196335992 3.0007875504697443 1.0609386129186602 1.0609386129186358 2.1218772258374856 2.1218772258373733 1.0609386129187328 4.374361963359815 2.121877225837307 4.374361963359944 1.0609386129186256 2.121877225837345
990.0052461206074 1.0609386129185652 2.1218772258373426 2.1218772258372907 1.060938612918688 2.12187722583728 1.060938612918649 2.121877225837291 2.1218772258373373 1.0609386129184761 4.3743619633599256 3.000787550469713 4.3743619633599 4.374361963359765 2.121877225837307 1.0609386129186722 2.121877225837357 1.060938612918514 3.0007875504696333 4.374361963359889 2.3723308584404914 1.060938612918645 2.1218772258373186 3.000787550469649 1.0609386129186256 2.1218772258374 2.121877225837327 2.121877225837453 0.0 2.1218772258372454 1.5003937752348033 2.121877225837392 4.374361963359941 2.1218772258373337 2.37233085844049 1.0609386129186853 1.060938612918668 1.060938612918809 2.121877225837367 2.121877225837411 1.0609386129186238 2.1218772258373106 1.0609386129186142 2.1218772258372254 1.5003937752348393 1.0609386129186056 2.3723308584404066 1.0609386129186176 1.0609386129186076 1.0609386129187164 2.121877225837251 1.0609386129187752 4.374361963359879 1.0609386129184768 1.0609386129186253 2.121877225837342 2.1218772258372325 2.1218772258373444 2.1218772258373506 2.121877225837319 4.374361963359794 2.1218772258374634 2.3723308584404674 1.0609386129187308 1.06093861291864 2.1218772258372987 1.0609386129186795 1.5003937752348655 1.060938612918645 2.1218772258372804 3.000787550469777 2.1218772258373875 2.1218772258372773 1.0609386129186302 2.121877225837399 1.0609386129187086 2.121877225837338 1.4853140580861781 1.0609386129186116 2.3723308584404164 2.121877225837255 2.121877225837226 2.1218772258373093 2.1218772258374345 0.0 4.374361963359864 2.372330858440424 3.0007875504697656 1.060938612918672 2.121877225837334 2.3723308584404763 1.0609386129185527 1.0609386129186948 2.1218772258372884 1.0609386129186313 2.372330858440538 4.374361963359897 1.0609386129187974 2.121877225837273 1.0609386129188008 1.5003937752348766 1.0609386129185117 2.1218772258372365 1.0609386129184726 1.0609386129186245 2.1218772258373266 1.0609386129186131 2.121877225837292 3.000787550469755 4.374361963359843 4.374361963359857 0.0 1.0609386129186584 4.374361963359868 2.121877225837351 3.000787550469597 2.3723308584405043 3.0007875504697603 1.0609386129186413 2.121877225837226 4.374361963359863 1.0609386129187721 2.1218772258373004 1.0609386129187142 1.0609386129186351 2.1218772258373044 3.0007875504697332 2.121877225837303 1.5003937752348746 1.0609386129184724 4.374361963359872 1.0609386129185459 2.121877225837247 0.0 2.121877225837284 1.060938612918764 2.1218772258372978 4.37436196335992 1.060938612918689 3.000787550469807 1.0609386129186635
1000.0052461206074 2.1218772258374035 4.374361963359886 2.121877225837263 1.0609386129186296 2.1218772258372343 2.121877225837303 1.0609386129186216 1.0609386129186842 2.1218772258373706 2.121877225837291 1.0609386129188263 1.0609386129186824 2.3723308584404026 2.12187722583733 2.121877225837404 2.121877225837253 1.0609386129186575 4.374361963359853 2.1218772258372933 0.0 4.37436196335993 2.3723308584403595 1.0609386129185467 1.0609386129186031 2.121877225837322 2.1218772258373293 1.0609386129188447 1.0609386129186655 1.0609386129187326 4.243754451674675 1.0609386129188103 2.121877225837311 2.121877225837274 2.3723308584404994 1.0609386129185134 3.0007875504697323 2.12187722583732 4.374361963359879 2.3723308584403404 2.1218772258372156 1.0609386129186336 2.121877225837382 0.0 1.0609386129186766 1.0609386129185372 2.3723308584404137 1.060938612918718 1.0609386129186285 2.1218772258372356 2.121877225837343 1.0609386129185123 4.374361963359942 4.3743619633599335 1.0609386129186256 2.121877225837239 2.1218772258373906 1.06093861291882 2.1218772258373173 1.0609386129187885 2.1218772258372702 0.0 0.0 1.0609386129184961 2.1218772258373906 1.060938612918638 1.060938612918705 2.1218772258373493 2.121877225837216 2.1218772258372707 2.121877225837244 4.374361963359885 2.121877225837356 2.1218772258372884 2.1218772258373138 1.0609386129184657 2.121877225837347 0.0 3.0007875504697923 0.0 2.121877225837287 1.0609386129186813 2.121877225837251 1.0609386129186316 2.3723308584404217 2.3723308584404195 1.5003937752348604 2.37233085844049 1.0609386129185843 2.1218772258373284 4.374361963359926 1.0609386129186762 2.12187722583735 2.12187722583733 4.374361963359896 3.0007875504696826 2.3723308584403813 2.1218772258372356 4.374361963359964 1.0609386129187675 2.1218772258373653 1.060938612918835 3.000787550469716 2.12187722583744 1.0609386129186964 2.121877225837462 0.0 2.121877225837293 0.0 2.121877225837271 2.1218772258372933 0.0 2.121877225837375 2.121877225837244 4.374361963359957 2.12187722583721 2.12187722583735 3.0007875504696626 1.0609386129186584 2.121877225837296 1.06093861291869 1.0609386129187206 2.121877225837354 2.1218772258373546 1.06093861291867 1.060938612918767 2.1218772258373373 1.060938612918777 1.0609386129186504 2.1218772258372307 1.5003937752348375 2.1218772258372143 2.121877225837309 4.374361963359837 1.0609386129186686 4.374361963359973 2.3723308584404954 1.0609386129185177 1.0609386129186293 2.121877225837261 1.060938612918668
1010.0052461206074 2.121877225837326 2.372330858440507 2.1218772258372307 2.121877225837348 1.5003937752348666 2.372330858440509 1.0609386129188167 1.060938612918679 1.0609386129185383 2.1218772258372463 1.0609386129186074 1.0609386129186518 2.37233085844041 2.372330858440412 2.1218772258374226 1.0609386129186322 2.121877225837344 2.121877225837263 3.0007875504696657 2.3723308584403484 3.0007875504697226 2.121877225837383 2.1218772258372525 2.1218772258373084 1.0609386129184992 2.1218772258372396 2.121877225837338 2.1218772258372613 2.1218772258372103 3.000787550469702 4.374361963359935 4.374361963359843 2.372330858440433 3.000787550469724 2.121877225837311 4.374361963359984 2.121877225837367 3.0007875504697545 4.37436196335999 1.0609386129186953 2.1218772258373266 1.060938612918637 1.0609386129185732 1.0609386129186256 2.121877225837373 2.3723308584404914 1.0609386129186387 2.121877225837254 2.121877225837383 2.121877225837309 1.060938612918462 2.3723308584403977 2.121877225837324 1.0609386129186715 2.1218772258372463 2.121877225837264 1.0609386129186575 0.0 2.1218772258373266 1.0609386129186176 2.3723308584403333 2.3723308584404577 1.060938612918517 1.0609386129186233 4.374361963359844 4.374361963359823 1.0609386129186706 2.121877225837365 1.060938612918499 1.0609386129187064 2.121877225837355 3.000787550469715 1.0609386129185774 1.0609386129187057 2.1218772258372396 2.121877225837365 0.0 2.1218772258372804 4.374361963359781 4.37436196335987 2.12187722583721 2.37233085844047 4.374361963359832 2.372330858440431 4.374361963359824 2.3723308584404585 2.121877225837388 4.374361963359888 1.0609386129187934 4.37436196335986 1.0609386129184781 1.0609386129186373 2.12187722583725 2.1218772258372995 0.0 2.1218772258372693 2.372330858440537 4.374361963359907 0.0 2.121877225837368 2.121877225837223 1.060938612918684 2.121877225837395 2.12187722583733 2.1218772258373955 1.0609386129186509 2.121877225837219 2.3723308584404603 2.121877225837235 4.374361963359888 1.5003937752347234 1.0609386129186476 2.121877225837239 1.0609386129186764 2.372330858440505 1.0609386129186924 1.5003937752349192 1.0609386129186573 1.0609386129187137 1.060938612918682 2.1218772258373195 2.121877225837309 2.121877225837351 1.5003937752348566 1.0609386129187461 1.0609386129186105 4.3743619633599495 4.374361963359842 1.060938612918739 1.0609386129186327 2.1218772258374066 2.1218772258373617 4.374361963359949 2.1218772258373337 1.0609386129185567 0.0 2.1218772258372427 2.121877225837337 4.374361963359896 2.1218772258373297
1020.0052461206074 2.1218772258373457 1.060938612918632 2.1218772258373253 2.1218772258373435 1.0609386129186575 2.1218772258372964 2.1218772258373733 2.3723308584404013 1.0609386129186071 1.060938612918644 2.121877225837315 2.372330858440445 2.1218772258373555 0.0 2.1218772258372787 2.121877225837389 3.000787550469748 0.0 2.121877225837401 2.3723308584404355 1.060938612918734 1.0609386129187182 2.121877225837277 2.121877225837276 1.0609386129187568 1.0609386129186584 2.121877225837311 1.0609386129186762 1.0609386129185197 4.744661716880973 1.0609386129188259 2.1218772258373186 4.374361963359898 2.1218772258372405 3.000787550469803 0.0 1.5003937752347032 2.121877225837284 2.1218772258371748 1.0609386129186156 2.121877225837271 4.374361963359818 2.121877225837233 1.0609386129186347 4.374361963359835 2.3723308584404585 1.060938612918682 0.0 1.060938612918495 2.1218772258372933 1.0609386129185427 4.374361963359936 2.121877225837267 2.1218772258372485 1.0609386129186602 1.0609386129185887 1.0609386129187193 2.3723308584404044 1.0609386129188365 2.1218772258372334 0.0 3.3549824744427177 1.0609386129184577 2.1218772258373786 3.0007875504696604 1.0609386129186544 2.1218772258372987 2.1218772258373413 3.0007875504697346 2.121877225837218 2.3723308584405074 1.0609386129186609 1.5003937752348653 2.121877225837279 2.1218772258372125 4.37436196335994 3.000787550469647 1.0609386129186416 4.374361963360032 1.5003937752349032 2.1218772258371428 0.0 1.5003937752348728 2.121877225837339 4.374361963359824 2.1218772258373573 2.1218772258373697 1.5003937752348966 3.0007875504696497 2.1218772258373173 2.121877225837398 1.0609386129186364 4.374361963359992 2.121877225837283 2.1218772258371867 2.1218772258372796 2.12187722583745 2.1218772258373626 1.0609386129187732 1.0609386129186285 2.1218772258372396 2.121877225837339 1.0609386129187057 1.060938612918603 2.1218772258371974 4.374361963359959 1.060938612918722 2.121877225837325 2.1218772258372858 1.060938612918676 0.0 1.0609386129186424 2.121877225837242 1.5003937752348584 1.06093861291872 1.0609386129186218 4.3743619633598465 2.121877225837379 1.0609386129185938 1.0609386129187195 2.121877225837271 2.121877225837322 0.0 2.1218772258372507 2.121877225837325 2.1218772258373786 1.0609386129186846 3.000787550469742 2.121877225837375 2.121877225837395 1.0609386129188287 2.1218772258373138 2.3723308584404155 2.121877225837375 0.0 0.0 2.1218772258372627 2.12187722583729 2.1218772258373098 1.0609386129187115
1030.0052461206074 2.1218772258372076 2.372330858440428 1.0609386129186176 3.0007875504696733 3.000787550469713 2.1218772258372325 2.1218772258373413 1.0609386129186962 2.121877225837344 1.0609386129186331 1.0609386129186875 2.121877225837345 2.121877225837364 2.1218772258373 1.0609386129186085 2.121877225837247 1.0609386129186216 4.374361963359882 0.0 2.3723308584404688 2.121877225837275 1.060938612918629 1.0609386129185348 1.0609386129186895 2.1218772258371814 1.0609386129186662 4.374361963359825 4.374361963359862 2.1218772258373946 4.243754451674625 1.0609386129185736 4.374361963359911 1.0609386129185532 2.1218772258373724 2.12187722583735 2.372330858440442 2.1218772258373804 2.121877225837391 1.0609386129185996 1.0609386129186154 2.121877225837338 4.374361963359955 3.000787550469676 2.1218772258373226 1.0609386129186629 2.372330858440369 2.121877225837293 4.374361963359839 4.243754451674504 2.1218772258373666 3.0007875504696964 0.0 3.0007875504697736 2.121877225837235 4.374361963359854 1.0609386129186735 2.121877225837313 3.0007875504697554 2.1218772258373195 2.1218772258372383 2.1218772258373075 0.0 1.060938612918783 4.374361963359897 3.0007875504696706 2.1218772258372542 1.060938612918796 2.1218772258373653 2.121877225837267 1.060938612918635 2.121877225837271 1.0609386129186609 2.1218772258373635 2.121877225837346 2.121877225837191 1.06093861291867 2.1218772258374163 6.365631677511999 2.372330858440501 4.374361963359888 1.0609386129187337 1.0609386129186535 1.5003937752348748 3.0007875504696693 0.0 4.374361963359888 2.1218772258372542 2.121877225837241 1.5003937752349072 2.121877225837279 2.121877225837239 1.0609386129186182 0.0 4.374361963359888 2.372330858440454 2.372330858440385 1.0609386129188607 2.1218772258373457 4.374361963359759 1.0609386129186624 1.0609386129188159 2.1218772258373155 2.121877225837393 3.0007875504696955 2.3723308584403635 1.060938612918622 2.1218772258373586 2.372330858440482 2.1218772258372196 2.1218772258373866 2.3723308584404155 2.121877225837335 2.121877225837307 2.3723308584404834 3.0007875504698838 2.1218772258372445 2.1218772258372054 1.060938612918608 1.0609386129188334 0.0 4.3743619633598545 1.0609386129185818 2.372330858440451 1.060938612918717 2.3723308584403995 1.0609386129186569 2.1218772258372174 2.121877225837332 1.0609386129187863 2.121877225837323 1.0609386129187723 2.12187722583728 2.121877225837189 2.1218772258373018 1.0609386129186382 1.0609386129186522 2.1218772258373435 1.0609386129186085 1.0609386129187468 1.0609386129186305
1040.0052461206074 1.0609386129186782 2.1218772258373333 2.121877225837196 2.12187722583731 1.0609386129185412 4.374361963359842 1.0609386129185714 1.0609386129186518 2.121877225837323 4.37436196335982 1.0609386129188234 2.121877225837283 2.121877225837326 2.1218772258373098 2.121877225837327 4.374361963359923 2.1218772258373173 4.3743619633599575 4.374361963359946 2.121877225837354 4.3743619633599256 6.365631677511947 1.0609386129184815 2.1218772258372534 1.060938612918809 2.1218772258372285 1.0609386129186829 1.0609386129187155 1.06093861291843 2.121877225837302 2.1218772258373355 4.374361963359952 3.0007875504698305 2.1218772258373786 4.374361963359875 2.372330858440534 2.1218772258372582 2.121877225837244 2.372330858440437 1.0609386129185936 4.374361963359883 2.372330858440438 3.000787550469727 2.121877225837259 1.0609386129188347 3.0007875504697066 4.374361963359932 3.000787550469752 1.0609386129187421 1.0609386129186664 6.3656316775119155 2.121877225837222 4.374361963359879 1.5003937752348688 1.0609386129184883 1.060938612918641 1.0609386129185008 2.3723308584404594 4.374361963359948 0.0 2.3723308584405753 2.3723308584404394 1.0609386129185063 4.374361963359869 4.374361963359911 4.374361963359932 3.000787550469544 4.374361963359853 3.0007875504697523 1.0609386129186942 6.365631677511896 2.121877225837268 2.1218772258373293 1.0609386129186287 1.0609386129185592 2.121877225837241 0.0 2.1218772258372276 2.1218772258372667 2.121877225837275 2.121877225837358 2.1218772258372356 4.3743619633598865 2.1218772258373146 2.3723308584404403 2.12187722583727 2.121877225837307 1.5003937752347893 2.1218772258372014 3.000787550469731 4.374361963359912 0.0 2.121877225837395 2.1218772258373626 1.0609386129185678 2.121877225837272 2.121877225837175 1.06093861291859 3.000787550469636 2.121877225837229 3.000787550469697 1.060938612918614 2.1218772258373453 4.3743619633599655 1.0609386129186529 1.060938612918683 2.121877225837442 2.12187722583727 2.121877225837325 2.12187722583723 2.1218772258373337 1.060938612918631 1.060938612918503 2.121877225837224 0.0 4.374361963359866 2.12187722583734 2.1218772258372636 2.1218772258372445 4.374361963359856 0.0 1.0609386129186755 2.3723308584404497 4.374361963359841 0.0 3.00078755046967 2.121877225837302 4.374361963359928 1.0609386129184504 2.1218772258372507 0.0 2.121877225837303 2.3723308584404155 2.121877225837291 1.0609386129186158 1.500393775234818 2.121877225837294 2.372330858440464 1.0609386129188167 2.3723308584405163
1050.0052461206074 1.0609386129187874 2.1218772258372893 4.374361963359892 2.1218772258373533 3.0007875504697186 1.0609386129186236 1.0609386129187295 1.0609386129186928 2.12187722583738 1.060938612918607 1.0609386129187734 1.0609386129186675 2.1218772258372596 2.121877225837303 2.1218772258371916 2.1218772258373066 2.121877225837307 2.1218772258373155 3.00078755046978 0.0 4.374361963359826 1.0609386129186174 2.121877225837344 2.1218772258373066 1.0609386129185017 2.121877225837275 1.0609386129186422 4.374361963359973 0.0 4.243754451674678 2.1218772258373493 2.1218772258372764 2.3723308584404483 2.1218772258373693 2.121877225837193 0.0 3.000787550469852 2.121877225837291 2.372330858440424 1.060938612918622 1.0609386129187959 1.0609386129187188 2.372330858440448 0.0 1.5003937752348075 2.1218772258373155 2.1218772258373555 4.374361963359904 1.0609386129188103 1.5003937752348464 2.1218772258373297 0.0 2.1218772258372764 1.0609386129186829 2.121877225837331 2.1218772258372893 2.121877225837245 2.372330858440412 2.1218772258372733 2.3723308584404923 3.000787550469831 3.000787550469665 1.060938612918698 1.5003937752348815 2.1218772258372876 2.3723308584404452 1.0609386129185405 2.1218772258372525 2.121877225837289 4.374361963359837 2.1218772258371272 1.060938612918696 2.1218772258373697 1.0609386129187057 2.121877225837397 1.0609386129186589 2.121877225837169 2.372330858440488 4.374361963359939 2.121877225837335 2.121877225837342 1.060938612918712 1.0609386129185614 2.3723308584404834 2.3723308584403915 0.0 1.5003937752349854 2.1218772258372707 2.1218772258374416 4.374361963359809 1.0609386129185134 1.0609386129186344 2.1218772258373773 2.1218772258373315 2.1218772258371916 2.1218772258372818 1.0609386129186116 1.0609386129186316 2.1218772258373133 2.1218772258373355 1.060938612918776 2.1218772258373626 2.121877225837372 2.121877225837227 4.374361963359792 2.1218772258372702 2.1218772258373617 3.0007875504697745 2.121877225837264 2.1218772258373133 4.374361963359794 2.121877225837242 3.000787550469579 2.1218772258373755 2.121877225837416 3.0007875504697386 4.374361963359879 1.0609386129185996 4.3743619633598465 6.3656316775119475 2.121877225837279 2.121877225837241 0.0 3.0007875504697163 2.372330858440425 3.000787550469641 4.374361963359891 2.1218772258373084 1.0609386129186353 1.5003937752348442 1.0609386129186158 0.0 2.372330858440421 1.0609386129186575 2.1218772258373337 1.50039377523487 1.0609386129184744 4.3743619633598785 2.121877225837339 4.3743619633598945
1060.0052461206074 1.060938612918808 2.1218772258373475 4.374361963359998 3.1828158387559164 4.374361963359905 3.0007875504696773 2.121877225837382 2.1218772258372343 2.121877225837289 1.0609386129187053 1.0609386129185163 4.374361963359854 2.372330858440511 4.374361963359888 2.1218772258374283 1.0609386129186464 4.374361963359919 2.121877225837236 2.121877225837284 0.0 2.1218772258374754 2.121877225837233 4.374361963359928 1.0609386129186855 1.0609386129187113 2.121877225837285 1.0609386129188179 2.3723308584404132 2.1218772258373697 0.0 1.060938612918498 2.3723308584404235 4.374361963359954 1.060938612918606 0.0 3.000787550469721 2.372330858440336 2.121877225837351 4.374361963359984 2.121877225837246 2.1218772258372636 2.1218772258373257 2.1218772258372396 1.060938612918698 2.1218772258373724 2.3723308584403475 4.3743619633598305 1.0609386129186655 1.0609386129185396 2.121877225837251 2.121877225837327 2.121877225837296 2.121877225837187 2.121877225837356 1.5003937752347896 2.1218772258373715 4.374361963359888 2.372330858440432 4.374361963359795 2.1218772258373018 2.1218772258374177 1.0609386129186327 1.0609386129187839 1.0609386129186087 2.121877225837302 1.0609386129186313 1.0609386129185618 2.121877225837347 1.5003937752347936 1.0609386129186709 2.1218772258373293 2.121877225837367 2.1218772258372183 2.1218772258373257 1.0609386129187932 1.0609386129186655 4.3743619633598545 1.5003937752348506 2.1218772258373324 3.0007875504697217 1.0609386129187266 2.1218772258372978 4.374361963359893 0.0 2.3723308584404954 4.3743619633599335 2.121877225837402 1.0609386129186271 2.1218772258373275 2.3723308584403915 2.1218772258372716 4.374361963359886 2.3723308584404483 1.0609386129186267 3.000787550469609 2.37233085844042 2.121877225837367 1.0609386129186205 1.0609386129186513 1.0609386129186196 2.121877225837339 1.0609386129186924 1.0609386129187988 2.121877225837278 1.0609386129186744 1.0609386129186966 0.0 2.121877225837255 1.0609386129186655 1.0609386129186316 4.374361963359917 1.06093861291869 3.3549824744426506 2.3723308584405096 2.3723308584404212 1.0609386129186515 0.0 1.0609386129185998 2.1218772258372223 2.1218772258373293 2.1218772258373266 2.1218772258372787 3.000787550469623 4.374361963359911 2.372330858440473 2.121877225837261 3.00078755046973 2.121877225837291 2.121877225837302 3.0007875504696955 1.0609386129185068 2.121877225837347 2.372330858440475 1.0609386129186191 2.121877225837314 2.121877225837384 4.374361963359824 2.1218772258373333 1.0609386129186196 2.1218772258372893
1070.0052461206074 1.0609386129187295 2.121877225837246 1.0609386129186136 1.0609386129186802 4.374361963359891 1.0609386129187048 2.121877225837351 1.5003937752348673 1.0609386129185665 2.1218772258372836 2.1218772258373435 2.1218772258372214 2.1218772258372263 2.1218772258373844 1.0609386129186753 2.1218772258373284 2.1218772258372813 1.5003937752348548 1.0609386129185254 1.0609386129185736 4.374361963359855 1.060938612918677 2.12187722583728 1.0609386129186371 2.121877225837202 1.0609386129186085 2.1218772258373093 2.1218772258372955 1.0609386129184746 4.744661716880786 4.374361963359878 2.121877225837264 2.372330858440416 2.121877225837338 2.3723308584405975 2.3723308584404617 1.5003937752347793 1.0609386129186977 2.1218772258372094 2.1218772258372645 2.1218772258372964 3.000787550469786 2.1218772258372245 1.060938612918641 2.1218772258371925 0.0 2.1218772258373546 1.060938612918583 2.1218772258371725 2.1218772258373395 2.121877225837195 2.372330858440466 1.060938612918787 2.121877225837242 1.0609386129185723 2.121877225837311 2.3723308584404994 2.121877225837277 1.0609386129185328 1.0609386129186855 4.374361963359876 1.0609386129186422 2.1218772258373026 1.0609386129186138 2.121877225837374 1.060938612918611 2.1218772258373435 2.12187722583732 3.000787550469563 2.121877225837318 1.060938612918509 1.0609386129187022 1.0609386129187335 2.372330858440534 1.0609386129188039 4.374361963359869 4.374361963359888 1.0609386129186655 2.121877225837227 1.0609386129186866 2.121877225837312 2.1218772258372396 2.121877225837279 2.3723308584404834 1.48531405808605 2.3723308584404075 1.060938612918574 1.5003937752348118 3.0007875504696897 2.372330858440442 4.374361963359916 4.374361963359855 3.000787550469641 2.121877225837347 2.1218772258373053 4.374361963359859 3.0007875504696107 4.3743619633599415 1.0609386129186664 1.0609386129187102 4.374361963359868 2.121877225837311 2.121877225837358 1.0609386129185867 2.121877225837231 2.1218772258372653 2.12187722583735 0.0 1.0609386129187663 3.0007875504696138 4.3743619633598625 2.121877225837231 1.060938612918484 2.1218772258372742 1.0609386129184442 1.060938612918663 4.374361963359905 1.0609386129186118 4.374361963359938 4.374361963359945 4.374361963359907 1.0609386129186904 3.00078755046963 1.0609386129186755 2.372330858440416 1.0609386129186382 1.5003937752349703 1.0609386129187028 3.000787550469781 1.0609386129186336 2.1218772258372716 1.5003937752348637 0.0 4.374361963359807 1.0609386129188723 2.1218772258372844 1.0609386129187797 2.1218772258373635 2.121877225837255 0.0
1080.0052461206074 1.0609386129186533 2.121877225837364 1.0609386129187692 1.0609386129186666 0.0 2.121877225837268 1.060938612918497 2.1218772258373515 2.1218772258372485 1.060938612918612 2.121877225837302 1.0609386129186205 2.3723308584405243 3.000787550469696 1.060938612918528 2.121877225837359 2.1218772258372454 2.3723308584404394 2.1218772258373875 2.3723308584404306 1.0609386129186358 4.3743619633599105 1.0609386129186842 1.0609386129186595 2.121877225837227 2.1218772258373604 2.121877225837291 2.372330858440467 2.1218772258371583 0.0 2.1218772258372294 2.1218772258373337 2.121877225837236 1.060938612918642 4.374361963359872 4.374361963359869 2.1218772258372622 2.1218772258372844 2.3723308584404763 4.374361963359861 1.0609386129185074 2.1218772258373337 0.0 4.374361963359952 1.0609386129186271 2.372330858440504 0.0 2.121877225837233 2.1218772258373524 1.0609386129187113 2.1218772258373124 2.121877225837318 4.37436196335991 2.121877225837304 1.5003937752348473 2.1218772258373244 2.372330858440426 1.0609386129186327 1.0609386129188445 1.0609386129186593 2.1218772258372427 2.1218772258372955 2.121877225837193 4.374361963359836 4.374361963359803 2.121877225837329 1.0609386129188019 4.37436196335984 3.0007875504696844 4.374361963359896 3.000787550469737 0.7426570290429911 1.5003937752348377 3.0007875504696297 2.1218772258373355 1.060938612918707 2.372330858440563 1.060938612918676 4.374361963359956 2.1218772258373413 2.121877225837203 1.0609386129186766 2.1218772258372924 2.1218772258372844 4.374361963359806 2.372330858440441 3.0007875504696644 2.121877225837273 2.121877225837336 2.1218772258372924 2.121877225837341 1.5003937752348853 0.0 4.374361963359907 0.0 2.1218772258373075 2.1218772258372676 1.0609386129186047 2.1218772258372414 1.060938612918678 2.121877225837407 2.1218772258372263 2.1218772258372076 2.121877225837299 2.121877225837369 2.121877225837371 1.0609386129188274 4.374361963359976 1.060938612918742 1.0609386129186056 2.121877225837289 3.0007875504697243 2.1218772258373098 2.1218772258372964 1.0609386129188543 0.0 2.121877225837336 1.0609386129187102 2.121877225837282 2.3723308584404803 1.0609386129186666 2.1218772258372582 0.0 4.374361963359835 3.0007875504696804 2.121877225837327 1.0609386129188283 1.060938612918624 1.0609386129186744 1.0609386129187057 2.121877225837323 1.0609386129186456 2.121877225837223 1.0609386129185903 4.374361963359832 2.1218772258372356 2.121877225837264 2.121877225837362 2.1218772258373897 1.060938612918699
1090.0052461206074 1.0609386129188254 2.1218772258372884 1.0609386129188239 2.1218772258372534 1.0609386129187692 2.121877225837305 2.1218772258373266 2.121877225837332 3.000787550469746 1.060938612918614 1.500393775234962 2.1218772258372547 1.0609386129184881 4.37436196335995 1.0609386129186613 3.0007875504697306 1.50039377523482 0.0 1.0609386129185456 4.374361963359832 0.0 1.0609386129186704 1.5003937752349255 2.1218772258373275 2.121877225837436 1.0609386129186964 2.121877225837211 3.0007875504696306 0.0 4.243754451674676 1.0609386129185796 2.1218772258373053 4.374361963359848 4.374361963359933 3.000787550469716 2.372330858440425 1.0609386129186595 4.374361963359811 2.3723308584404297 2.1218772258373226 1.060938612918536 2.1218772258373133 2.3723308584404155 1.06093861291865 2.121877225837354 2.3723308584404696 1.0609386129186147 1.0609386129186071 0.0 1.0609386129186809 2.1218772258374017 2.3723308584404457 3.0007875504697035 1.0609386129186364 4.374361963359923 2.1218772258373035 2.1218772258373866 0.0 2.121877225837252 1.500393775234814 2.121877225837461 1.060938612918703 2.121877225837213 2.121877225837271 2.1218772258372884 1.0609386129185985 4.374361963359878 1.0609386129186895 4.374361963359874 4.374361963359827 1.060938612918776 2.372330858440467 2.121877225837227 3.0007875504696826 1.0609386129185643 2.1218772258372574 4.374361963359922 2.121877225837322 4.3743619633599 1.5003937752349 2.121877225837254 1.0609386129186191 2.12187722583727 1.0609386129186935 1.4853140580860968 2.372330858440415 2.121877225837243 1.0609386129186038 4.374361963359937 4.374361963359843 1.0609386129184593 1.0609386129186067 2.1218772258372804 1.0609386129186278 2.3723308584404803 2.372330858440402 2.372330858440439 1.0609386129186602 2.3723308584405314 1.0609386129187026 4.374361963359907 2.1218772258373026 1.060938612918783 1.0609386129187008 1.0609386129185523 0.0 0.0 4.374361963359816 1.0609386129187413 1.0609386129186253 2.1218772258373653 2.37233085844051 3.354982474442634 3.0007875504697243 1.5003937752349192 3.0007875504697625 1.0609386129185412 4.374361963359948 1.0609386129185654 1.0609386129187024 2.121877225837212 4.374361963359853 2.121877225837308 2.121877225837351 0.0 2.121877225837276 1.0609386129185199 3.354982474442637 2.121877225837281 2.121877225837336 1.0609386129188147 2.121877225837329 2.121877225837283 2.121877225837229 2.1218772258373426 4.374361963359845 1.0609386129186251 1.060938612918654 1.0609386129185092 1.060938612918641
1100.0052461206074 1.0609386129186993 4.374361963359822 2.121877225837309 2.1218772258373244 2.1218772258372516 1.0609386129186462 2.121877225837374 2.121877225837225 1.0609386129187164 2.1218772258373093 2.1218772258373613 1.0609386129186376 1.0609386129185638 0.0 1.060938612918657 4.374361963359798 1.0609386129186307 1.5003937752349195 2.121877225837363 1.060938612918656 4.374361963359907 1.0609386129186382 2.121877225837242 2.1218772258372645 1.0609386129185583 2.1218772258373613 1.0609386129184997 1.0609386129186362 2.121877225837224 4.744661716880856 2.121877225837339 2.3723308584404506 2.1218772258374408 4.374361963359926 1.0609386129185925 2.372330858440461 4.374361963359872 1.0609386129186096 1.5003937752348826 2.1218772258373373 1.0609386129188314 2.1218772258372156 0.0 1.0609386129185867 0.0 0.0 2.1218772258372556 2.121877225837327 2.1218772258371073 2.121877225837361 0.0 2.121877225837286 2.1218772258373475 1.0609386129186285 2.1218772258373693 1.5003937752348007 2.1218772258373044 1.0609386129186613 1.0609386129188072 2.3723308584404372 2.121877225837371 2.121877225837253 1.0609386129188352 1.0609386129187095 1.0609386129185887 1.0609386129186784 2.1218772258373484 1.5003937752348653 1.0609386129186715 1.060938612918656 1.0609386129186216 2.1218772258372876 2.1218772258373155 1.0609386129187057 2.1218772258373697 4.374361963359939 2.372330858440345 4.374361963359822 2.1218772258372858 1.0609386129186755 1.060938612918649 1.0609386129186917 0.0 2.1218772258372347 0.7426570290430674 4.374361963359949 2.1218772258372636 2.121877225837252 4.374361963359961 1.0609386129187195 2.1218772258372884 2.1218772258372667 0.0 4.374361963359807 1.5003937752348642 2.1218772258373355 2.372330858440378 1.0609386129186316 6.365631677511918 4.374361963359813 0.0 1.0609386129187 1.0609386129185476 3.0007875504697137 2.121877225837315 2.1218772258372374 4.374361963359879 4.374361963359903 1.0609386129185356 2.121877225837255 2.12187722583731 2.1218772258373506 2.1218772258373044 2.121877225837281 2.1218772258373977 2.1218772258372964 3.0007875504697297 2.121877225837357 3.00078755046968 2.1218772258373257 2.121877225837331 1.0609386129185958 2.3723308584403973 3.0007875504697186 3.0007875504696733 2.1218772258373537 2.1218772258372693 2.1218772258372733 2.121877225837256 2.1218772258372742 1.0609386129185772 2.1218772258372662 2.37233085844041 1.0609386129186757 2.1218772258373058 4.374361963359823 1.0609386129188063 1.060938612918693 2.1218772258372627 1.0609386129187126
1110.0052461206074 2.1218772258373826 4.374361963359886 2.1218772258373604 2.12187722583732 2.1218772258374727 2.121877225837238 2.1218772258373146 2.1218772258372693 2.1218772258372964 1.0609386129185896 2.1218772258374083 1.0609386129186014 1.0609386129185447 1.5003937752348517 2.121877225837339 4.3743619633599415 4.374361963359878 1.0609386129187028 1.0609386129188165 1.0609386129186495 4.374361963359878 1.9126342844989193 1.50039377523482 2.121877225837223 1.0609386129188174 2.121877225837263 2.121877225837319 2.121877225837223 1.060938612918524 4.243754451674567 3.0007875504696853 3.0007875504697012 1.0609386129186316 4.374361963359894 4.374361963360028 0.0 3.0007875504698722 2.1218772258372884 2.372330858440387 2.121877225837309 2.121877225837313 3.0007875504696147 2.1218772258372627 3.000787550469694 2.3723308584403453 4.374361963359872 1.5003937752347436 2.121877225837299 4.74466171688098 0.0 1.0609386129186476 1.0609386129185967 4.374361963359902 2.121877225837315 3.0007875504696866 3.0007875504697177 2.121877225837256 2.1218772258372463 2.121877225837207 4.374361963359944 1.060938612918615 2.1218772258373484 4.374361963359952 2.121877225837214 2.1218772258373244 1.0609386129186 2.1218772258373644 2.121877225837292 2.121877225837339 1.0609386129186376 2.1218772258372813 2.3723308584405345 3.0007875504697457 4.374361963359965 2.1218772258372707 2.1218772258372285 2.121877225837373 1.0609386129186296 1.0609386129187974 0.0 1.0609386129185638 1.0609386129186338 1.0609386129188245 2.1218772258373324 2.3723308584404834 2.3723308584404648 2.1218772258372764 2.12187722583723 4.374361963359933 1.0609386129185843 1.060938612918777 4.374361963359805 0.0 2.121877225837345 2.1218772258372907 2.3723308584404608 2.3723308584403946 1.0609386129186944 3.0007875504697257 1.0609386129185916 1.5003937752348913 0.0 1.0609386129187204 2.372330858440461 3.0007875504695463 1.5003937752348753 2.1218772258373857 2.1218772258372507 2.372330858440311 1.060938612918663 2.121877225837165 1.06093861291866 0.0 4.374361963359925 2.12187722583736 1.0609386129186296 1.5003937752348855 4.374361963359861 4.374361963359971 2.1218772258373493 4.374361963359864 1.0609386129186043 0.0 3.0007875504697568 2.1218772258372107 2.3723308584404528 4.374361963359996 4.374361963359802 2.1218772258372915 1.0609386129186336 1.0609386129186715 2.1218772258373493 4.374361963359824 3.000787550469706 1.0609386129187128 0.0 1.06093861291854 4.3743619633599495 2.1218772258373595 4.374361963359917
1120.0052461206074 1.5003937752348955 2.121877225837381 2.1218772258373093 2.121877225837343 4.374361963360031 1.0609386129186125 2.1218772258372858 1.5003937752348924 3.3549824744427186 4.374361963359917 1.0609386129187555 1.0609386129186926 3.0007875504695662 1.0609386129186744 1.0609386129185816 2.121877225837355 2.121877225837307 4.374361963359849 1.0609386129186604 2.121877225837271 2.1218772258374434 4.374361963359967 2.121877225837217 3.0007875504696297 2.121877225837376 2.121877225837275 2.121877225837348 2.1218772258372787 1.060938612918762 0.0 1.0609386129185856 2.12187722583724 2.3723308584404137 1.060938612918706 4.374361963359937 2.1218772258372955 2.3723308584404115 1.0609386129186142 2.372330858440458 2.1218772258373213 1.0609386129187857 2.121877225837327 2.1218772258371974 1.0609386129186975 2.372330858440429 3.0007875504696853 0.0 2.1218772258372742 1.5003937752347853 4.374361963359917 1.0609386129186846 2.121877225837295 1.0609386129186662 2.1218772258373044 1.0609386129186054 3.0007875504697146 1.0609386129187388 2.121877225837272 1.5003937752348746 2.12187722583739 2.121877225837258 0.0 2.1218772258373084 1.0609386129187233 1.0609386129187903 2.1218772258373697 3.000787550469628 2.1218772258373013 1.0609386129185963 1.060938612918599 1.5003937752348409 2.372330858440395 1.5003937752348728 2.1218772258373475 4.374361963359863 2.1218772258373213 2.3723308584405944 2.1218772258373337 1.0609386129185037 2.121877225837279 1.0609386129186662 2.1218772258372547 3.0007875504698065 1.0609386129186802 2.121877225837157 2.121877225837367 2.1218772258372938 2.1218772258372454 3.0007875504697306 2.1218772258372796 1.0609386129186804 0.0 2.3723308584404976 2.1218772258373573 4.374361963359861 2.121877225837262 0.0 4.374361963359887 2.121877225837267 4.374361963359879 2.1218772258371263 2.3723308584405296 1.0609386129184757 2.1218772258373035 2.121877225837303 2.1218772258372556 2.121877225837345 4.374361963359876 2.1218772258372445 1.5003937752348717 0.0 0.0 2.121877225837207 2.121877225837271 2.121877225837332 1.0609386129186265 2.121877225837253 0.0 2.121877225837207 2.121877225837355 3.0007875504697865 4.374361963359846 4.374361963359854 2.121877225837311 2.121877225837295 4.374361963359828 2.1218772258373333 2.121877225837291 2.1218772258372907 2.1218772258372884 1.0609386129187701 1.0609386129185958 2.121877225837168 2.3723308584404545 1.0609386129187397 2.1218772258373226 2.121877225837243 3.0007875504697474 1.5003937752348093 4.3743619633599256
1130.0052461206074 1.0609386129187792 2.1218772258372676 1.0609386129184633 1.5003937752348566 2.1218772258373044 4.374361963359843 3.000787550469683 2.372330858440458 1.0609386129185223 2.121877225837359 1.0609386129187037 1.0609386129186649 1.0609386129185479 2.1218772258372978 2.1218772258372303 4.374361963359931 2.1218772258373493 2.3723308584404212 1.0609386129185046 2.121877225837331 2.1218772258372725 2.121877225837233 2.1218772258373897 2.121877225837296 2.121877225837339 2.1218772258373 1.060938612918593 4.3743619633599 1.0609386129186469 0.0 4.374361963359929 4.374361963359973 3.0007875504695862 0.0 2.121877225837346 0.0 2.1218772258372596 1.0609386129186527 2.1218772258374083 4.374361963359893 2.1218772258371934 3.0007875504696506 4.3743619633598145 4.374361963359896 0.0 3.000787550469695 1.5003937752349032 4.37436196335981 3.000787550469711 3.000787550469717 1.5003937752349958 2.1218772258373297 1.0609386129186278 1.0609386129186247 2.1218772258372556 2.121877225837237 1.0609386129186842 1.0609386129186906 2.121877225837248 1.0609386129187055 4.374361963359855 4.374361963359864 1.060938612918634 1.060938612918611 4.37436196335991 4.374361963359916 1.0609386129186205 3.0007875504698047 2.1218772258374097 2.1218772258372245 2.121877225837267 2.372330858440406 2.121877225837391 2.1218772258372676 3.0007875504697172 2.121877225837343 4.374361963359874 2.121877225837328 1.0609386129185223 2.1218772258372396 2.1218772258373257 0.0 2.372330858440459 3.0007875504696995 3.0007875504697457 4.374361963359916 0.0 3.00078755046981 4.374361963359873 2.121877225837264 2.1218772258373124 1.0609386129186846 1.5003937752349858 1.0609386129186082 2.1218772258373297 4.374361963359888 2.1218772258373373 1.0609386129185985 4.374361963359869 1.5003937752348593 2.121877225837326 3.00078755046972 2.121877225837346 2.121877225837315 2.1218772258373715 1.0609386129186877 2.1218772258372 2.121877225837353 0.0 2.1218772258372858 2.372330858440482 2.3723308584405394 1.0609386129186156 2.1218772258373177 4.374361963359879 0.0 2.1218772258372596 1.0609386129187073 4.374361963359855 2.3723308584404617 2.12187722583718 3.000787550469673 2.121877225837271 2.372330858440508 2.121877225837251 1.0609386129186853 4.374361963359991 2.12187722583728 4.374361963359757 0.0 2.1218772258372818 1.060938612918663 2.121877225837425 1.0609386129187046 2.3723308584404905 4.374361963359928 1.0609386129188054 3.0007875504696746 2.1218772258372542 2.121877225837281
1140.0052461206074 1.0609386129188323 2.1218772258373035 1.060938612918694 3.0007875504697106 2.121877225837292 0.0 3.00078755046967 4.374361963359891 4.374361963359879 2.121877225837252 2.121877225837214 2.1218772258372387 1.5003937752348147 2.1218772258373138 1.0609386129185185 2.1218772258372467 1.0609386129188267 2.1218772258373444 1.0609386129185292 2.121877225837356 2.372330858440454 1.0609386129185834 1.0609386129188174 2.372330858440424 2.372330858440522 2.121877225837259 2.1218772258372915 4.374361963359902 2.1218772258374643 4.2437544516746115 4.374361963359935 1.0609386129186402 2.1218772258371605 1.060938612918584 1.0609386129186744 0.0 2.1218772258372414 0.0 2.121877225837235 2.1218772258372325 4.37436196335989 2.1218772258373146 2.3723308584404235 2.1218772258373373 4.374361963359991 1.5003937752348655 1.0609386129184948 1.060938612918612 2.1218772258373364 3.000787550469707 2.121877225837289 1.0609386129186824 2.12187722583731 1.0609386129185887 3.0007875504696893 4.374361963359848 2.1218772258372613 2.1218772258373586 2.12187722583735 2.121877225837282 0.0 1.0609386129187142 1.060938612918464 4.37436196335982 4.37436196335991 1.0609386129185752 2.1218772258373284 1.5003937752348484 4.37436196335984 2.121877225837351 2.372330858440416 3.0007875504697124 1.0609386129186724 0.0 1.0609386129187235 3.000787550469714 4.374361963359852 1.060938612918656 1.0609386129185852 2.3723308584404537 1.0609386129187395 2.3723308584403995 2.37233085844043 2.121877225837353 0.7426570290430051 1.485314058086111 2.1218772258372764 3.000787550469716 3.0007875504697195 1.060938612918592 1.0609386129187535 2.121877225837354 1.5003937752349317 0.0 1.0609386129185976 4.3743619633598385 2.3723308584404785 2.121877225837338 1.5003937752347594 1.5003937752348926 2.1218772258373626 2.3723308584404337 1.0609386129185254 3.0007875504697146 2.1218772258373075 1.0609386129186886 2.121877225837442 2.1218772258372374 1.0609386129185372 1.0609386129186342 1.0609386129187155 2.3723308584404954 4.374361963359835 2.121877225837341 4.374361963359852 2.1218772258373013 2.12187722583728 3.000787550469656 2.121877225837263 2.1218772258373306 2.1218772258372933 2.1218772258372818 1.0609386129187452 0.0 1.0609386129185363 1.0609386129185792 1.0609386129187297 1.5003937752348526 1.0609386129187774 2.1218772258372587 2.1218772258372467 1.060938612918688 4.374361963359923 2.121877225837223 2.3723308584403973 2.1218772258373133 4.374361963359969 1.0609386129186449 2.1218772258373564 1.0609386129186633
1150.0052461206074 2.121877225837255 1.0609386129186644 1.0609386129186889 1.0609386129186138 2.12187722583728 2.121877225837349 2.121877225837351 2.121877225837287 2.121877225837355 2.1218772258372627 1.0609386129185476 2.121877225837338 2.121877225837474 2.121877225837303 2.1218772258373106 4.374361963359959 6.365631677511897 2.1218772258373733 4.374361963359952 1.0609386129186813 2.1218772258372396 4.374361963359875 2.3723308584404466 4.374361963359928 2.121877225837235 1.0609386129186928 3.000787550469738 2.1218772258373293 2.1218772258372987 4.243754451674606 2.121877225837365 2.121877225837281 2.3723308584404124 1.0609386129186835 2.1218772258373617 3.000787550469699 1.0609386129185039 2.121877225837268 4.374361963359813 4.374361963359871 2.121877225837294 2.1218772258373413 2.372330858440445 2.121877225837381 3.0007875504698096 2.372330858440428 2.1218772258373293 2.121877225837291 1.0609386129185159 2.1218772258372516 3.000787550469686 1.0609386129186076 3.0007875504697354 2.121877225837242 2.1218772258374377 2.1218772258373377 2.121877225837339 0.0 3.354982474442614 1.0609386129187 2.3723308584405904 1.5003937752348573 2.121877225837293 4.3743619633598145 4.374361963359899 2.1218772258372183 1.060938612918651 1.0609386129187133 1.0609386129186347 4.374361963359935 2.3723308584404372 2.1218772258372804 4.374361963359867 2.1218772258372596 3.0007875504697243 1.5003937752348597 4.374361963359827 1.0609386129186735 4.374361963359944 2.372330858440406 2.121877225837254 2.3723308584403733 2.121877225837369 2.3723308584405114 2.1218772258374115 3.000787550469706 2.121877225837213 1.5003937752349077 2.121877225837411 1.0609386129186347 1.060938612918783 3.3549824744426227 0.0 2.372330858440452 2.121877225837288 2.1218772258372796 2.372330858440456 1.060938612918721 1.060938612918625 2.121877225837283 1.0609386129185752 1.0609386129186995 1.5003937752348617 2.121877225837345 2.1218772258373413 1.0609386129187242 1.0609386129186162 3.0007875504696675 1.0609386129187284 2.1218772258373426 2.121877225837227 1.5003937752348573 2.37233085844046 1.0609386129186855 2.1218772258372907 2.121877225837351 2.1218772258372565 2.3723308584404963 4.374361963359882 2.121877225837233 2.121877225837419 4.374361963359929 1.0609386129187277 2.1218772258373675 3.0007875504697665 2.121877225837371 3.0007875504696955 3.0007875504697155 2.1218772258372676 2.1218772258372978 4.374361963359829 2.1218772258373213 2.372330858440481 1.0609386129186194 1.0609386129186584 1.0609386129185894 1.0609386129186464 2.3723308584404483 2.1218772258373364 2.1218772258372858
1160.0052461206074 1.0609386129188325 3.0007875504697274 1.0609386129188165 1.060938612918623 4.374361963359945 2.121877225837241 1.0609386129184855 2.1218772258373306 2.121877225837341 2.1218772258372467 1.5003937752349232 2.1218772258372995 2.121877225837251 2.121877225837278 1.0609386129187093 4.374361963359804 4.374361963359911 2.121877225837291 1.0609386129185683 4.374361963359895 4.374361963359907 1.0609386129186857 3.0007875504697457 2.3723308584404537 1.0609386129187361 2.121877225837311 4.374361963359866 1.0609386129186467 1.0609386129187581 4.243754451674584 2.121877225837266 4.374361963359901 2.121877225837343 2.1218772258373737 4.374361963359916 2.372330858440362 4.3743619633599575 3.0007875504696786 2.1218772258372254 2.1218772258373653 1.0609386129188085 3.0007875504696626 2.372330858440483 1.0609386129187068 2.1218772258370993 4.374361963359928 2.121877225837253 2.1218772258372884 1.0609386129185365 1.0609386129185927 1.0609386129186977 2.372330858440466 4.374361963359926 2.121877225837271 4.374361963359916 3.0007875504697106 3.000787550469775 4.374361963359861 2.1218772258374 1.0609386129186762 3.000787550469691 2.1218772258372947 2.1218772258372574 2.1218772258372374 2.121877225837271 2.1218772258373644 1.0609386129187073 1.500393775234846 2.121877225837284 1.0609386129186809 4.374361963359918 1.0609386129186291 1.0609386129185523 4.374361963359882 2.1218772258372534 2.1218772258373426 2.3723308584402854 2.121877225837357 1.5003937752348595 4.374361963359923 1.0609386129187806 3.0007875504697075 1.0609386129188079 2.372330858440437 2.121877225837205 1.4853140580861226 1.0609386129186935 1.0609386129186047 1.0609386129188056 2.372330858440365 1.060938612918721 1.060938612918704 2.3723308584404132 2.121877225837253 2.1218772258373737 4.374361963359845 2.121877225837379 2.121877225837275 1.0609386129188187 4.374361963359915 2.121877225837251 3.0007875504697012 1.0609386129188323 2.1218772258372485 2.121877225837367 2.3723308584405305 2.1218772258372574 0.0 1.0609386129187917 1.060938612918591 1.5003937752346928 2.3723308584404825 2.1218772258373915 3.0007875504696355 1.0609386129187657 3.000787550469723 2.1218772258372818 2.1218772258373364 1.060938612918487 1.0609386129186433 2.121877225837312 2.3723308584404172 2.1218772258372414 4.374361963359928 2.1218772258373493 4.374361963359939 1.0609386129185283 0.0 1.0609386129187117 2.1218772258373217 2.121877225837319 2.1218772258373275 1.5003937752348937 2.3723308584404625 2.1218772258373426 4.374361963359808 2.121877225837205 2.1218772258373697 2.121877225837411 2.121877225837361
1170.0052461206074 1.0609386129187715 2.1218772258373013 0.0 2.121877225837299 1.060938612918718 1.0609386129186815 2.121877225837359 1.0609386129187264 2.121877225837286 4.37436196335988 1.0609386129185756 1.06093861291869 2.3723308584404923 2.121877225837348 2.1218772258371814 4.374361963359888 4.3743619633599025 3.000787550469715 1.0609386129188043 2.12187722583728 2.3723308584403373 2.121877225837265 1.0609386129187572 2.3723308584404275 1.060938612918572 1.060938612918705 4.3743619633598865 1.060938612918593 2.121877225837275 4.744661716880941 1.060938612918624 2.121877225837299 1.0609386129186036 1.0609386129186924 1.5003937752348293 2.1218772258373555 2.1218772258372645 3.000787550469712 0.0 2.1218772258373177 1.060938612918834 2.12187722583724 2.3723308584404523 2.121877225837376 2.1218772258374266 2.1218772258372516 2.121877225837411 2.1218772258373475 2.1218772258373364 2.1218772258373644 1.060938612918815 2.1218772258372773 1.0609386129187872 1.0609386129186862 4.374361963359923 2.3723308584404643 2.372330858440435 2.1218772258372525 3.0007875504699033 2.121877225837367 2.121877225837206 1.0609386129185892 2.1218772258373995 2.121877225837264 2.121877225837269 2.12187722583724 1.0609386129184986 2.1218772258373146 3.000787550469772 3.00078755046974 2.3723308584404768 1.0609386129186447 2.1218772258373986 2.1218772258373435 2.1218772258372733 3.0007875504697097 4.374361963359894 4.374361963359934 1.0609386129186862 4.374361963359887 2.121877225837313 3.0007875504697146 4.374361963359942 0.0 2.3723308584404537 1.4853140580861348 1.0609386129187661 2.1218772258373257 1.0609386129184781 1.0609386129186482 4.374361963359905 1.060938612918609 1.5003937752347551 4.374361963359929 2.1218772258373613 1.0609386129186735 1.0609386129186242 2.1218772258372733 2.121877225837311 1.0609386129185774 2.372330858440428 2.3723308584405256 1.0609386129187295 2.1218772258373364 4.374361963360024 3.354982474442692 2.1218772258372383 4.374361963359921 1.060938612918524 2.1218772258373724 2.3723308584404634 2.121877225837242 4.374361963359902 2.1218772258373626 2.12187722583726 1.5003937752348337 3.000787550469737 1.0609386129186862 4.374361963359939 1.0609386129185827 2.1218772258373866 2.3723308584404514 1.06093861291873 2.1218772258372507 1.0609386129187204 1.0609386129185772 2.121877225837269 1.0609386129186098 1.0609386129185776 4.3743619633599184 1.0609386129186777 2.1218772258373173 1.5003937752347845 1.06093861291868 2.3723308584404648 2.121877225837253 4.374361963359868 2.1218772258372343 2.121877225837342 1.0609386129186993
1180.0052461206074 1.0609386129187515 3.0007875504697945 3.0007875504695454 2.1218772258372707 2.1218772258371876 4.374361963359897 2.1218772258372285 2.121877225837258 2.121877225837235 2.121877225837247 2.121877225837409 1.0609386129185976 2.3723308584404044 1.060938612918679 2.121877225837372 1.500393775234883 2.1218772258373058 2.121877225837315 2.121877225837237 2.121877225837285 2.372330858440349 4.37436196335992 1.5003937752348968 4.3743619633599495 4.374361963359931 2.121877225837351 4.37436196335982 1.060938612918683 1.0609386129186102 4.744661716880905 1.0609386129185074 2.1218772258373346 2.1218772258373733 2.121877225837327 3.354982474442618 2.37233085844036 2.1218772258372107 1.060938612918584 3.0007875504697545 2.1218772258373124 2.1218772258372622 1.0609386129187068 2.3723308584404674 1.060938612918651 2.3723308584404434 2.12187722583736 1.0609386129185707 2.121877225837325 4.243754451674542 3.0007875504697035 1.0609386129187932 2.121877225837351 4.374361963359763 2.372330858440391 4.374361963359906 4.374361963359904 2.3723308584404097 2.1218772258373226 2.12187722583731 1.0609386129186869 2.1218772258374106 1.0609386129186376 1.0609386129185536 2.3723308584404315 1.0609386129185585 1.0609386129185931 3.000787550469695 4.374361963359954 4.374361963359942 2.1218772258372756 0.0 2.1218772258373355 2.3723308584404497 2.1218772258373035 2.1218772258372263 1.0609386129186167 4.374361963359905 2.121877225837364 3.000787550469816 2.1218772258373746 4.374361963359946 2.1218772258373346 1.5003937752349275 2.1218772258373124 4.374361963359922 1.4853140580861197 2.1218772258373977 2.121877225837349 2.1218772258373977 1.0609386129186795 2.121877225837259 1.0609386129187062 2.1218772258371863 2.1218772258372782 3.000787550469791 1.0609386129186462 1.0609386129187233 1.060938612918696 1.060938612918789 2.1218772258372414 2.3723308584404537 2.3723308584404945 1.0609386129186062 4.374361963359851 2.1218772258373737 2.372330858440483 2.3723308584404315 1.0609386129187044 1.0609386129185316 2.121877225837351 1.0609386129186174 1.0609386129186655 2.121877225837314 2.121877225837307 1.0609386129186784 4.374361963359917 2.121877225837319 1.5003937752348555 2.1218772258373355 2.121877225837356 2.3723308584405034 3.0007875504696604 4.374361963359949 4.374361963359847 2.1218772258372898 2.1218772258372667 4.37436196335984 1.5003937752348537 2.121877225837271 1.0609386129186535 2.121877225837215 3.354982474442763 4.3743619633598945 3.000787550469799 0.0 1.0609386129187006 1.0609386129186351 1.5003937752348615 3.0007875504697847 4.3743619633598865
1190.0052461206074 1.5003937752348389 4.374361963359891 1.06093861291866 2.1218772258373404 1.0609386129188194 2.121877225837372 2.121877225837179 4.374361963359858 1.5003937752348167 4.374361963359953 1.0609386129185006 1.0609386129186313 0.0 2.1218772258373497 2.1218772258373835 1.5003937752348284 2.1218772258372964 0.0 1.5003937752347436 2.1218772258373577 4.374361963359902 1.0609386129187235 2.121877225837271 1.060938612918688 2.1218772258373213 1.0609386129187288 6.365631677512006 2.121877225837291 1.0609386129187042 3.0007875504697026 2.12187722583729 1.0609386129186142 2.1218772258372196 1.060938612918656 2.121877225837222 2.1218772258372924 2.3723308584404923 1.5003937752348588 2.3723308584404044 1.0609386129187104 2.1218772258372347 2.121877225837347 4.3743619633597755 2.121877225837351 2.1218772258373715 2.3723308584405096 1.0609386129186047 2.1218772258373586 4.243754451674611 1.0609386129185736 1.0609386129185878 2.3723308584404625 2.1218772258371836 2.121877225837288 3.000787550469748 4.374361963359924 4.374361963359827 2.3723308584405256 2.3723308584405016 2.372330858440468 2.121877225837302 4.374361963359964 1.0609386129186895 2.121877225837343 2.121877225837231 4.37436196335996 1.0609386129185683 2.1218772258373595 2.1218772258372183 4.374361963359939 3.0007875504697252 1.06093861291866 1.0609386129187754 2.121877225837323 2.121877225837295 0.0 2.3723308584403853 2.121877225837364 2.121877225837393 3.0007875504697066 2.121877225837327 2.3723308584404403 4.374361963359876 1.0609386129186753 2.3723308584404266 2.3723308584404377 2.1218772258372938 1.0609386129186447 4.374361963359884 2.12187722583734 4.374361963359841 1.060938612918716 4.3743619633597755 1.060938612918655 2.3723308584404625 0.0 6.3656316775119475 2.121877225837356 2.1218772258372334 1.0609386129186404 2.3723308584404594 0.0 1.0609386129185543 1.0609386129186211 1.500393775234853 2.1218772258372893 2.121877225837263 4.37436196335996 2.121877225837367 0.0 3.000787550469654 2.372330858440476 0.0 4.374361963359898 2.3723308584402587 4.374361963359963 1.0609386129184821 2.3723308584403573 1.0609386129185796 1.0609386129186622 0.0 2.372330858440427 4.3743619633599335 2.3723308584404994 2.1218772258372085 3.000787550469717 3.000787550469544 2.12187722583728 1.0609386129187792 3.000787550469711 2.121877225837375 1.060938612918594 4.374361963359987 1.0609386129186271 2.3723308584404865 1.0609386129186236 2.121877225837188 1.0609386129186604 1.0609386129185976 4.374361963359965
1200.0052461206074 2.1218772258373555 2.1218772258372915 4.374361963359922 2.1218772258373457 1.0609386129186735 2.3723308584404474 1.0609386129186176 2.1218772258373524 2.121877225837307 4.374361963359941 1.0609386129185336 2.1218772258372955 4.374361963359863 2.121877225837259 1.5003937752347059 2.1218772258373133 1.060938612918584 2.3723308584404452 2.1218772258372645 1.060938612918669 2.3723308584403866 0.0 2.1218772258374163 2.121877225837255 1.0609386129186535 1.0609386129186165 2.121877225837343 1.060938612918662 2.1218772258372285 2.1218772258372383 2.121877225837208 2.1218772258373293 2.121877225837426 3.0007875504697576 2.1218772258374043 4.374361963359892 2.121877225837368 1.5003937752348333 0.0 2.1218772258372525 1.0609386129186327 2.1218772258372676 2.1218772258373524 3.000787550469771 0.0 2.3723308584404657 1.0609386129188187 4.374361963359835 0.0 2.372330858440388 3.0007875504697035 1.060938612918638 2.1218772258373106 1.0609386129186675 2.372330858440628 3.000787550469727 1.0609386129186948 2.12187722583736 2.12187722583722 2.121877225837255 0.0 4.374361963359902 3.354982474442687 2.121877225837248 3.0007875504696195 4.374361963359839 2.1218772258373053 1.0609386129186693 2.1218772258372587 1.0609386129187008 2.3723308584404466 2.1218772258372876 2.1218772258374154 2.1218772258372707 2.1218772258373253 0.0 3.000787550469728 1.0609386129187026 2.1218772258371974 0.0 2.1218772258374035 2.12187722583727 2.1218772258372294 1.0609386129186593 0.0 2.3723308584404386 1.0609386129185523 1.5003937752348675 1.0609386129187675 2.121877225837309 1.0609386129185496 1.5003937752348495 0.0 2.1218772258373315 3.000787550469724 2.1218772258373493 2.1218772258374803 1.500393775234858 1.0609386129185163 2.1218772258372725 2.372330858440448 2.3723308584403484 2.1218772258372685 2.121877225837327 2.1218772258372347 0.0 2.1218772258372742 1.0609386129186273 2.1218772258372702 2.121877225837328 2.1218772258373333 2.3723308584404372 4.374361963359837 1.060938612918594 4.37436196335992 4.374361963359848 1.0609386129185252 4.374361963359878 1.0609386129187204 2.121877225837317 3.0007875504697616 2.3723308584404235 2.121877225837355 0.0 2.121877225837283 2.1218772258372476 6.365631677512011 1.0609386129185898 2.121877225837399 1.0609386129186138 2.1218772258373995 1.0609386129186913 2.121877225837327 4.374361963359963 2.12187722583731 1.5003937752347993 1.0609386129187135 2.1218772258372596 4.374361963359789 2.1218772258373257
1210.0052461206074 1.0609386129186835 1.0609386129186753 4.374361963359758 1.0609386129187293 2.1218772258373164 2.3723308584405123 1.0609386129185894 1.0609386129187122 2.1218772258372938 2.1218772258372685 1.060938612918691 0.0 4.374361963359887 2.1218772258373133 4.374361963359887 2.1218772258372622 2.1218772258373555 4.374361963359929 1.0609386129187688 1.0609386129185723 2.1218772258372094 2.1218772258372844 4.3743619633598625 2.1218772258373186 1.0609386129187093 1.0609386129186578 1.5003937752348333 2.1218772258373457 2.1218772258371903 2.1218772258372804 2.121877225837407 4.374361963359855 2.1218772258372387 1.0609386129187226 4.374361963359918 0.0 2.1218772258372427 4.374361963359951 0.0 1.0609386129186495 2.121877225837233 2.1218772258372636 2.1218772258371774 1.06093861291866 2.372330858440421 2.372330858440462 1.0609386129186749 1.0609386129185778 2.121877225837239 2.1218772258372915 2.121877225837293 2.1218772258373635 1.0609386129187641 1.060938612918659 4.374361963360044 0.0 4.374361963359896 2.121877225837271 2.1218772258373235 4.374361963359879 3.0007875504697346 1.5003937752348575 2.121877225837263 1.0609386129185963 1.0609386129187555 2.121877225837304 2.3723308584404172 2.121877225837375 2.3723308584404434 1.500393775234855 2.1218772258374274 2.121877225837269 2.121877225837219 1.0609386129186633 1.060938612918673 0.0 1.060938612918603 4.374361963359828 3.0007875504697052 0.0 2.1218772258373506 4.374361963359879 1.5003937752347032 2.3723308584403675 2.12187722583736 0.0 2.1218772258373075 2.1218772258373377 3.0007875504697585 1.0609386129186809 2.3723308584404412 1.0609386129186922 2.121877225837367 1.060938612918653 4.374361963359902 2.121877225837317 2.1218772258373986 3.000787550469715 4.374361963359881 1.0609386129186413 4.374361963359828 1.0609386129185754 1.0609386129185692 3.354982474442687 4.374361963359821 4.374361963359893 1.0609386129187142 1.0609386129186575 4.374361963360055 4.374361963359883 3.0007875504697745 2.1218772258373315 2.3723308584404834 2.1218772258372542 1.500393775234779 2.121877225837327 2.1218772258373915 0.0 2.1218772258373138 2.12187722583727 1.0609386129186984 1.0609386129186664 0.0 0.0 2.1218772258371628 2.372330858440446 0.0 2.121877225837374 1.0609386129188108 4.374361963359974 1.060938612918706 2.121877225837331 1.500393775234812 2.121877225837284 4.3743619633599105 2.121877225837278 1.0609386129184968 2.1218772258372818 1.0609386129184857 1.060938612918633
1220.0052461206074 2.121877225837297 2.1218772258373475 2.1218772258372667 0.0 4.374361963359879 4.374361963359903 3.0007875504698562 4.374361963359871 2.1218772258372827 1.0609386129186191 1.0609386129187288 1.0609386129187233 4.374361963359974 2.372330858440461 2.12187722583734 1.0609386129186205 1.5003937752349414 2.1218772258373226 4.37436196335988 2.12187722583734 2.1218772258372374 2.1218772258372627 1.50039377523481 1.060938612918681 2.1218772258372782 2.12187722583734 2.1218772258374314 2.1218772258372924 1.0609386129188159 1.0609386129185978 2.121877225837266 1.0609386129186904 4.3743619633598865 1.0609386129186809 1.060938612918516 0.0 4.374361963359854 1.0609386129186023 0.0 2.1218772258373044 1.0609386129185259 1.0609386129187048 4.374361963360009 0.0 2.372330858440438 2.3723308584404084 4.374361963359917 2.121877225837276 4.243754451674622 3.0007875504697084 4.374361963359936 2.121877225837295 1.0609386129184886 2.1218772258373275 2.121877225837323 0.0 3.0007875504697443 2.1218772258372876 3.3549824744427443 1.0609386129185696 1.500393775234843 4.374361963359834 0.0 1.0609386129187328 2.121877225837358 1.0609386129186293 2.1218772258373426 2.1218772258372876 2.1218772258373497 1.0609386129186038 2.3723308584404292 2.1218772258372973 2.121877225837242 2.1218772258372827 1.0609386129187013 4.374361963359928 3.3549824744426435 1.060938612918724 2.1218772258374083 3.000787550469716 2.1218772258372036 1.060938612918671 2.1218772258373058 2.121877225837291 2.3723308584404625 2.1218772258372796 2.1218772258372267 2.121877225837352 1.0609386129187657 1.060938612918577 4.374361963359869 1.0609386129187057 2.37233085844043 2.3723308584404452 1.0609386129185707 2.121877225837359 2.1218772258371636 2.121877225837323 4.374361963359891 4.374361963359904 0.0 3.000787550469714 2.121877225837251 1.5003937752348688 1.0609386129188183 1.50039377523487 1.0609386129186908 2.1218772258372924 1.0609386129185716 1.5003937752348584 2.1218772258372587 1.5003937752348686 2.3723308584403524 4.374361963359861 1.060938612918656 1.0609386129187375 4.374361963359873 4.37436196335988 1.0609386129186567 2.121877225837294 3.000787550469661 1.0609386129186675 1.5003937752347667 1.5003937752348488 2.121877225837189 2.1218772258373804 1.5003937752349734 3.000787550469664 2.121877225837367 2.1218772258373 2.121877225837243 4.374361963359907 1.0609386129188114 2.3723308584404394 2.121877225837296 4.374361963359916 1.0609386129187954 2.121877225837235 4.374361963359947 3.0007875504697066
1230.0052461206074 2.121877225837406 2.121877225837351 2.121877225837292 3.000787550469712 4.37436196335995 3.0007875504697017 2.12187722583725 2.121877225837289 1.0609386129188187 2.1218772258372565 1.500393775234849 2.121877225837275 2.3723308584404434 2.121877225837291 2.121877225837191 1.060938612918637 4.374361963359881 0.0 2.1218772258371925 2.121877225837289 2.1218772258374177 4.374361963359925 1.0609386129186587 1.0609386129186098 4.374361963359956 0.0 4.37436196335983 2.12187722583734 4.374361963359871 2.1218772258373213 2.1218772258373653 4.374361963359856 3.0007875504696866 4.37436196335986 1.0609386129185703 2.372330858440359 2.121877225837182 1.0609386129187086 2.3723308584404683 1.5003937752348477 1.0609386129187872 2.121877225837254 2.121877225837367 2.121877225837355 2.121877225837424 4.374361963359892 2.121877225837258 1.0609386129186436 4.24375445167461 2.121877225837374 4.374361963359896 2.12187722583731 1.0609386129187872 4.374361963359918 2.121877225837415 1.0609386129186023 1.0609386129185852 1.0609386129186285 2.121877225837368 2.1218772258373098 4.374361963359931 2.121877225837294 4.374361963359844 2.121877225837265 2.1218772258372134 4.374361963359872 1.0609386129186813 1.0609386129187304 2.372330858440456 1.0609386129186578 2.3723308584404608 1.0609386129186311 1.0609386129185177 2.372330858440412 2.1218772258373018 4.374361963359856 3.0007875504697545 4.3743619633598545 2.1218772258374337 3.000787550469729 1.0609386129185945 2.1218772258373035 2.1218772258372716 2.372330858440513 4.374361963359944 2.121877225837283 1.0609386129188116 1.060938612918642 2.121877225837335 1.0609386129186813 2.37233085844039 1.060938612918724 2.372330858440476 1.060938612918635 2.1218772258372964 2.121877225837326 0.0 2.121877225837247 1.0609386129187763 1.0609386129186302 4.374361963359977 2.121877225837247 4.374361963359971 2.121877225837311 4.37436196335986 4.374361963359915 1.0609386129184915 2.1218772258373066 1.0609386129184823 2.121877225837274 2.1218772258374003 1.0609386129186955 2.3723308584403484 1.0609386129185732 4.374361963359888 4.374361963359863 3.000787550469698 1.500393775234868 3.0007875504697226 1.060938612918714 2.3723308584404625 1.0609386129186222 4.374361963359987 1.060938612918676 4.374361963359907 4.374361963359888 1.060938612918741 2.1218772258373653 2.121877225837178 2.1218772258372955 1.0609386129185334 1.5003937752348544 2.1218772258373155 1.0609386129186014 4.374361963359864 2.1218772258373426 2.3723308584403875 2.372330858440435 1.060938612918792 4.374361963359849
1240.0052461206074 4.37436196335981 2.121877225837278 3.3549824744427754 4.3743619633599575 1.060938612918828 4.374361963359896 1.0609386129188385 2.121877225837314 3.0007875504696857 1.060938612918605 2.1218772258372653 2.1218772258373226 0.0 2.372330858440352 1.0609386129186316 4.374361963359918 2.1218772258372907 4.374361963359864 0.0 2.1218772258372973 3.0007875504697674 1.0609386129186869 2.121877225837398 2.1218772258372933 1.060938612918602 4.374361963359819 2.1218772258372027 2.1218772258373138 1.0609386129187504 2.372330858440355 1.0609386129185086 2.121877225837271 3.354982474442698 1.0609386129187015 2.121877225837393 2.3723308584404097 1.0609386129186376 2.121877225837314 0.0 2.1218772258372844 1.0609386129185867 4.37436196335993 3.0007875504697266 2.121877225837331 2.121877225837147 2.121877225837249 2.1218772258372467 2.1218772258372507 1.060938612918647 4.374361963359888 0.0 2.1218772258372796 1.060938612918654 2.3723308584404452 1.0609386129185645 4.374361963359884 1.06093861291867 4.374361963359903 1.0609386129187244 1.0609386129186438 4.374361963359931 2.121877225837346 2.121877225837415 2.121877225837348 1.0609386129186902 3.0007875504697243 2.121877225837196 1.0609386129186955 2.1218772258372813 1.0609386129186562 4.374361963359805 2.3723308584404275 1.5003937752347114 1.0609386129186014 2.121877225837239 4.374361963359916 3.0007875504697545 0.0 2.3723308584404412 3.0007875504697195 2.121877225837188 0.742657029043053 2.1218772258374647 1.500393775234851 4.374361963359814 3.0007875504697386 2.1218772258373972 1.0609386129186784 2.1218772258372374 1.0609386129185991 2.3723308584403893 1.0609386129187235 1.50039377523485 1.0609386129186225 2.121877225837367 1.0609386129185858 2.3723308584404315 1.0609386129186895 2.121877225837255 1.0609386129187093 4.374361963359807 0.0 2.1218772258371628 4.3743619633598865 4.3743619633598545 3.0007875504697066 2.1218772258373875 1.0609386129185863 4.374361963359841 4.374361963359876 2.1218772258374283 1.06093861291865 2.372330858440259 1.0609386129187315 2.121877225837235 2.1218772258373795 2.1218772258372733 0.0 2.1218772258372214 2.1218772258372676 4.374361963359851 1.0609386129186005 4.374361963359958 3.354982474442692 4.374361963359827 2.121877225837335 2.1218772258373333 2.12187722583733 3.000787550469688 1.0609386129186438 2.1218772258373906 4.374361963359919 2.1218772258372107 1.0609386129186575 2.3723308584404035 2.1218772258372507 4.374361963359904 2.1218772258372867 1.0609386129185563 2.121877225837298
1250.0052461206074 2.1218772258372782 1.0609386129187173 2.1218772258372347 2.3723308584405114 2.372330858440512 2.121877225837304 2.121877225837278 1.0609386129186336 1.0609386129187348 1.0609386129186875 3.0007875504697026 2.1218772258373217 2.121877225837179 3.0007875504697314 2.3723308584403977 4.3743619633598385 1.5003937752349492 1.5003937752348573 2.1218772258372374 4.374361963359906 1.5003937752348593 0.0 2.1218772258372205 2.121877225837355 1.060938612918639 1.0609386129185712 3.000787550469849 2.121877225837329 1.0609386129184957 2.1218772258373124 1.0609386129187062 2.372330858440433 2.121877225837213 6.365631677511946 2.121877225837339 2.372330858440519 2.3723308584404386 1.0609386129185898 2.372330858440466 1.060938612918732 1.060938612918648 4.37436196335991 2.121877225837244 1.0609386129186522 2.1218772258373644 2.1218772258372396 3.0007875504697505 4.374361963359846 1.060938612918812 2.372330858440525 4.374361963359849 2.1218772258373524 2.1218772258372587 2.3723308584404594 1.5003937752348735 3.0007875504696666 2.121877225837307 3.000787550469705 3.000787550469704 1.0609386129186036 2.1218772258373195 2.1218772258372756 3.0007875504697683 2.1218772258372742 2.3723308584404523 2.121877225837264 2.1218772258372907 4.374361963359857 4.374361963359919 1.0609386129185725 2.12187722583733 1.0609386129186735 1.0609386129184832 3.0007875504696284 1.060938612918788 0.0 1.4853140580860575 2.1218772258372556 2.1218772258371636 4.37436196335991 2.1218772258373293 0.742657029043053 4.374361963359832 1.0609386129187053 2.3723308584404617 0.0 1.5003937752348593 1.0609386129186578 1.0609386129187242 1.0609386129186311 3.000787550469781 1.0609386129187006 2.121877225837295 2.121877225837279 1.5003937752348602 2.3723308584405025 2.3723308584404705 4.374361963359933 2.1218772258372347 4.374361963359896 3.000787550469745 2.37233085844047 2.372330858440479 2.1218772258373355 2.12187722583733 0.0 2.1218772258374563 3.0007875504697985 1.060938612918662 3.000787550469726 3.354982474442646 2.1218772258373235 1.060938612918665 2.121877225837262 2.3723308584403044 2.1218772258373257 2.1218772258373177 1.5003937752348662 2.121877225837318 2.121877225837311 0.0 1.0609386129185996 2.121877225837283 1.5003937752349035 4.374361963359899 4.3743619633599256 4.374361963359925 2.1218772258372804 2.121877225837251 1.0609386129185807 1.060938612918811 4.374361963359877 2.1218772258374248 1.0609386129186749 2.121877225837324 4.374361963359868 4.374361963359886 1.5003937752348186 2.1218772258373018 1.5003937752348813
1260.0052461206074 2.121877225837202 2.1218772258373493 0.0 2.121877225837275 6.3656316775118285 2.372330858440476 1.0609386129187994 1.0609386129186145 4.3743619633599025 2.1218772258372907 3.000787550469685 1.060938612918655 2.1218772258373733 2.372330858440424 1.500393775234871 1.0609386129186664 2.121877225837235 4.374361963359919 3.000787550469625 1.060938612918676 2.3723308584403893 2.12187722583732 1.0609386129185878 1.0609386129186498 1.5003937752348453 1.5003937752347707 2.121877225837423 1.5003937752347738 1.060938612918635 1.0609386129187188 2.121877225837431 2.3723308584404394 1.0609386129186942 3.0007875504697137 3.0007875504698065 0.0 2.121877225837184 1.0609386129187155 2.3723308584404634 2.1218772258372995 3.0007875504696946 2.121877225837271 4.374361963359954 1.500393775234927 1.0609386129186682 0.0 2.121877225837385 4.374361963359962 2.121877225837279 0.0 4.374361963359923 2.121877225837325 1.0609386129186986 0.0 1.5003937752348413 6.365631677511871 0.0 3.000787550469718 2.372330858440403 1.0609386129185985 2.372330858440457 1.5003937752348728 1.060938612918539 1.0609386129185923 2.1218772258374 4.374361963359889 1.0609386129186116 1.0609386129185752 4.374361963359896 2.1218772258373293 1.0609386129185816 1.0609386129186147 4.3743619633599105 4.374361963359846 2.121877225837187 3.0007875504697137 2.1218772258373524 2.1218772258373386 2.121877225837272 1.0609386129186278 1.0609386129185512 1.4853140580861273 2.121877225837233 2.1218772258373493 2.3723308584405416 2.372330858440438 1.0609386129185616 1.0609386129187015 2.121877225837205 2.121877225837351 3.0007875504697226 4.374361963359831 2.1218772258373737 3.0007875504697066 4.3743619633599575 1.5003937752348664 0.0 1.0609386129186846 4.374361963359939 4.374361963359873 3.00078755046983 2.121877225837275 2.121877225837354 2.1218772258372844 1.0609386129187768 3.000787550469718 1.5003937752348817 4.374361963359937 1.060938612918693 2.121877225837331 1.5003937752348442 2.1218772258372915 3.0007875504697576 1.0609386129186618 2.1218772258372702 2.1218772258372987 3.0007875504697408 2.121877225837254 2.1218772258372542 2.121877225837311 0.0 1.0609386129187117 2.372330858440478 4.374361963359929 1.0609386129186413 2.1218772258372796 2.1218772258374208 2.121877225837284 4.374361963359857 1.0609386129186775 2.1218772258373715 4.374361963359902 2.121877225837351 3.0007875504697035 2.3723308584404292 1.5003937752348468 1.0609386129186928 2.121877225837311 2.121877225837359 2.121877225837283
1270.0052461206074 2.1218772258373195 2.1218772258373413 4.374361963359819 1.0609386129185907 2.1218772258373164 2.372330858440459 2.12187722583733 2.121877225837369 4.374361963359864 2.1218772258372884 2.121877225837387 1.0609386129186895 4.374361963359812 2.3723308584403973 1.060938612918773 2.121877225837353 2.1218772258373395 2.372330858440443 4.374361963359967 2.1218772258373715 4.37436196335995 2.1218772258372702 4.37436196335988 2.121877225837356 1.5003937752348673 2.121877225837303 4.374361963359832 2.1218772258372405 2.1218772258374 4.243754451674557 2.121877225837294 2.1218772258372978 2.121877225837283 2.1218772258372978 3.0007875504695387 3.000787550469712 2.372330858440444 2.1218772258372716 1.500393775234748 4.374361963359853 2.121877225837187 1.0609386129186766 2.372330858440381 2.121877225837285 2.1218772258372023 2.3723308584404093 2.121877225837259 2.1218772258373395 3.000787550469628 4.374361963359923 2.372330858440407 2.121877225837355 2.1218772258372858 0.0 2.1218772258373573 4.374361963359864 2.3723308584405793 1.5003937752348553 2.121877225837277 2.1218772258373524 0.0 1.0609386129186829 1.0609386129186553 3.0007875504696293 1.0609386129187917 1.060938612918608 1.5003937752348573 2.121877225837331 3.0007875504696893 1.0609386129186584 2.1218772258373284 2.1218772258373257 2.121877225837235 2.121877225837259 1.0609386129186025 0.0 2.1218772258372285 1.0609386129185903 2.1218772258373813 1.060938612918667 2.121877225837217 3.000787550469737 4.3743619633598065 2.1218772258373146 0.0 2.372330858440422 2.3723308584403475 2.121877225837259 1.0609386129185339 3.000787550469625 3.0007875504696346 1.060938612918702 2.1218772258374377 2.1218772258373018 2.121877225837379 1.0609386129186942 0.0 1.060938612918602 1.0609386129187495 1.0609386129186893 2.121877225837188 2.3723308584404155 1.060938612918489 1.0609386129186837 1.0609386129188232 2.121877225837302 1.060938612918742 1.0609386129185905 3.000787550469733 1.0609386129186245 2.121877225837445 2.121877225837357 2.121877225837225 1.0609386129187328 2.1218772258373884 1.0609386129185878 1.5003937752348386 1.0609386129185847 1.0609386129187386 1.0609386129186615 1.5003937752347811 1.0609386129186735 3.000787550469839 2.1218772258372716 2.1218772258373737 2.372330858440446 4.374361963359953 1.5003937752348517 2.1218772258373564 2.1218772258372924 2.121877225837275 1.0609386129186908 4.374361963359867 1.5003937752349215 2.3723308584404723 1.0609386129186265 2.1218772258372125 2.372330858440434 2.1218772258371694 2.121877225837282
1280.0052461206074 2.121877225837198 4.374361963359926 1.0609386129186582 1.060938612918614 2.1218772258374137 0.0 2.121877225837347 2.1218772258372844 2.1218772258371454 2.1218772258372924 1.0609386129185319 1.0609386129185783 2.121877225837285 2.1218772258372662 3.000787550469637 2.121877225837282 1.0609386129187162 4.374361963359932 1.060938612918555 2.121877225837291 2.1218772258372294 1.0609386129187257 4.374361963359875 2.121877225837303 1.0609386129186775 1.500393775234838 1.5003937752348087 3.0007875504697603 2.121877225837423 2.121877225837288 2.1218772258373244 2.1218772258372867 1.0609386129185852 2.121877225837283 4.374361963359917 3.0007875504697297 2.3723308584404608 1.0609386129186003 1.500393775235053 4.374361963359944 1.0609386129185387 1.0609386129186438 2.121877225837348 2.1218772258372507 2.372330858440385 0.0 2.121877225837323 2.1218772258373138 2.121877225837337 2.3723308584404603 3.0007875504697026 1.0609386129187126 2.1218772258372933 0.0 2.1218772258371783 2.121877225837362 3.0007875504697425 2.1218772258373138 1.5003937752346683 1.0609386129186313 2.3723308584404874 1.0609386129186706 4.374361963359924 2.121877225837335 2.1218772258372924 6.365631677511856 2.121877225837187 1.0609386129186016 2.3723308584404452 3.0007875504697106 2.1218772258372955 1.0609386129186718 1.060938612918589 0.0 2.1218772258373013 1.060938612918601 2.372330858440596 2.1218772258373106 3.00078755046987 2.121877225837335 1.0609386129185072 1.0609386129186058 1.060938612918667 3.000787550469616 2.121877225837423 0.0 4.374361963359883 2.121877225837303 3.0007875504697026 2.1218772258373044 1.0609386129185123 2.121877225837279 2.372330858440478 1.0609386129186256 2.1218772258373355 4.374361963359827 3.000787550469673 1.5003937752348582 1.0609386129185996 1.0609386129186242 2.3723308584404297 2.12187722583734 2.1218772258374163 2.121877225837288 4.37436196335997 2.1218772258372645 1.060938612918544 1.0609386129185885 4.374361963359838 1.0609386129186622 4.374361963360001 2.1218772258372876 1.5003937752347631 4.374361963359942 2.121877225837186 1.0609386129186642 2.121877225837402 1.060938612918721 4.374361963359896 2.121877225837241 2.1218772258372876 2.1218772258372813 1.0609386129187655 1.0609386129186458 2.1218772258372853 2.121877225837337 1.5003937752348333 4.374361963359907 1.0609386129184606 2.121877225837278 1.0609386129184872 1.0609386129186518 4.37436196335994 1.0609386129186948 1.5003937752348657 2.12187722583732 4.37436196335988 2.3723308584404403 0.0 1.5003937752348653
1290.0052461206074 1.0609386129185765 2.1218772258372622 1.0609386129185205 3.0007875504697563 1.060938612918708 2.3723308584404967 2.1218772258372787 4.374361963359882 2.121877225837235 3.00078755046973 1.0609386129186034 4.3743619633598465 4.374361963359776 0.0 2.1218772258373257 1.06093861291867 2.12187722583722 2.3723308584404346 2.1218772258374115 2.121877225837295 2.372330858440557 2.12187722583733 1.0609386129185296 1.0609386129187188 1.0609386129185734 2.121877225837302 1.5003937752348648 2.121877225837306 2.1218772258373684 1.0609386129186236 1.060938612918798 1.0609386129186402 3.000787550469677 2.121877225837285 1.0609386129185532 3.0007875504697226 2.372330858440432 6.365631677511933 2.1218772258371668 2.1218772258373555 1.060938612918826 4.3743619633599575 4.374361963360045 1.0609386129186622 0.0 4.3743619633599256 2.1218772258374163 2.1218772258373177 4.374361963359875 2.121877225837327 2.12187722583733 3.0007875504697505 1.0609386129184988 4.374361963359888 2.37233085844059 2.121877225837287 1.0609386129186047 1.060938612918587 1.0609386129186535 2.1218772258373577 2.372330858440468 1.060938612918623 1.0609386129187566 2.1218772258373524 1.0609386129187834 2.121877225837295 2.121877225837425 4.374361963359864 2.372330858440506 1.0609386129185896 2.121877225837426 1.0609386129186293 3.0007875504696337 2.1218772258372987 4.37436196335995 1.0609386129186054 4.37436196335988 2.121877225837331 1.500393775234909 2.121877225837303 2.121877225837461 1.4853140580861117 1.0609386129186942 4.374361963359926 0.0 0.0 2.1218772258373173 2.121877225837353 2.1218772258373195 2.121877225837296 1.0609386129184968 1.0609386129185931 0.0 2.121877225837305 4.374361963359894 2.1218772258372796 2.372330858440423 1.0609386129186889 3.0007875504696697 1.0609386129186504 3.000787550469794 2.3723308584405354 2.1218772258374066 2.1218772258373253 2.121877225837434 0.0 1.060938612918528 2.372330858440424 2.1218772258373626 1.0609386129186889 1.06093861291877 2.1218772258372667 2.1218772258373866 4.3743619633598705 2.3723308584404332 2.121877225837353 2.1218772258372076 1.0609386129186786 1.0609386129188405 3.000787550469716 1.500393775234825 2.1218772258373257 2.372330858440401 1.0609386129186689 1.9126342844989253 4.374361963359887 1.0609386129187623 4.37436196335989 4.374361963359979 3.0007875504697146 1.0609386129186613 2.1218772258373075 3.0007875504697212 2.1218772258373053 2.372330858440433 2.121877225837339 4.374361963359954 0.0 4.374361963359829 4.374361963359866
1300.0052461206074 3.0007875504697252 0.0 1.060938612918496 4.374361963359951 2.1218772258373315 4.374361963359897 4.374361963359825 1.0609386129186664 1.0609386129184901 3.0007875504697274 2.1218772258373986 2.1218772258372876 2.3723308584404266 2.3723308584404608 3.0007875504697084 1.0609386129186789 2.121877225837303 0.0 3.354982474442698 2.121877225837342 2.1218772258373244 2.121877225837254 2.3723308584406237 1.0609386129186864 1.0609386129185259 1.060938612918593 2.1218772258373826 1.5003937752348595 2.121877225837299 4.243754451674635 2.3723308584403933 1.0609386129186853 1.0609386129184948 1.0609386129186809 4.374361963360004 2.3723308584405127 2.372330858440494 1.0609386129186134 4.374361963360039 2.1218772258373293 1.0609386129184892 1.0609386129186478 3.0007875504697257 2.121877225837337 1.5003937752346712 4.374361963359931 2.121877225837268 1.0609386129186138 1.060938612918577 2.121877225837243 4.374361963359884 2.121877225837337 4.374361963359803 2.37233085844045 2.1218772258373906 1.060938612918701 4.374361963359828 1.0609386129186749 1.5003937752348273 1.0609386129186789 4.374361963359844 2.1218772258373084 2.121877225837307 3.000787550469801 1.0609386129187097 1.0609386129186056 1.060938612918497 2.121877225837355 4.374361963359888 2.1218772258373204 2.3723308584404204 2.121877225837303 1.0609386129187746 1.0609386129186145 1.060938612918655 2.121877225837351 2.372330858440467 2.1218772258372596 4.374361963359927 2.1218772258372733 1.0609386129188283 1.4853140580861117 1.0609386129187997 4.374361963359848 2.121877225837374 0.0 3.3549824744426933 1.060938612918612 1.0609386129187615 2.1218772258373337 2.1218772258374234 2.1218772258373053 2.3723308584404426 2.121877225837291 2.121877225837378 1.0609386129186111 2.1218772258371676 1.0609386129187064 2.121877225837265 2.1218772258372844 2.372330858440474 2.3723308584403537 2.121877225837279 2.1218772258372796 3.0007875504697283 1.0609386129186764 1.0609386129184677 2.1218772258372898 6.365631677511843 2.1218772258373217 2.1218772258373435 3.0007875504697936 2.3723308584402854 1.0609386129186131 1.0609386129185296 4.374361963359906 2.372330858440478 2.1218772258373173 2.1218772258373435 1.0609386129186749 1.0609386129187781 2.121877225837271 3.000787550469627 4.374361963359883 4.3743619633600375 2.372330858440425 1.50039377523485 1.06093861291865 1.0609386129185296 2.121877225837299 1.060938612918758 3.000787550469717 3.1828158387559853 4.374361963359916 4.374361963360024 2.121877225837277 3.0007875504697017 2.1218772258373217 0.0 4.374361963359907
1310.0052461206074 1.0609386129187837 2.3723308584404 4.374361963359878 3.0007875504696315 3.0007875504695956 2.372330858440517 2.1218772258373084 1.0609386129186458 2.121877225837187 4.374361963359868 2.121877225837324 1.060938612918594 4.374361963359833 2.1218772258373364 2.12187722583728 1.0609386129186247 0.0 4.374361963359904 2.1218772258373044 1.0609386129185805 0.0 1.0609386129185736 4.37436196335983 2.1218772258372343 1.0609386129186698 4.374361963359928 2.1218772258373746 2.1218772258373404 1.0609386129187395 1.0609386129186111 4.374361963359964 1.5003937752348433 2.121877225837426 2.1218772258372876 1.0609386129187073 4.374361963359898 2.121877225837391 4.374361963359908 2.3723308584403835 1.0609386129185756 1.0609386129185523 3.000787550469658 4.374361963359883 1.0609386129187202 1.0609386129187333 2.372330858440449 2.1218772258371636 1.0609386129186904 0.0 2.3723308584403715 2.372330858440456 0.0 1.060938612918768 2.3723308584404434 2.3723308584404226 1.060938612918706 2.3723308584406086 2.121877225837329 2.1218772258373098 2.1218772258373493 4.374361963359964 3.0007875504697026 0.0 2.1218772258373013 2.121877225837335 1.0609386129186467 1.0609386129185308 2.1218772258373533 2.372330858440456 1.0609386129186713 2.1218772258373924 1.0609386129186444 2.121877225837321 2.1218772258372667 1.0609386129185565 1.060938612918649 2.372330858440348 1.0609386129186056 2.121877225837287 2.1218772258373315 2.1218772258372316 0.7426570290430339 2.1218772258373524 2.1218772258373395 2.3723308584404723 0.0 1.0609386129188119 4.3743619633599 2.121877225837236 1.060938612918659 1.0609386129187333 2.121877225837376 2.3723308584404625 3.000787550469702 2.121877225837297 6.365631677511853 2.3723308584404252 3.0007875504696138 1.0609386129185931 4.374361963359915 2.3723308584404164 0.0 1.0609386129185674 2.121877225837287 2.1218772258372725 1.0609386129186924 1.0609386129185423 4.374361963359898 2.1218772258372707 2.1218772258372622 1.0609386129186522 2.1218772258373146 2.121877225837365 1.0609386129186504 2.1218772258373466 4.37436196335982 2.37233085844041 1.0609386129186427 1.0609386129186822 2.1218772258372818 2.121877225837342 1.0609386129186629 0.0 2.121877225837318 2.121877225837346 0.0 3.0007875504696626 2.121877225837327 2.1218772258372076 0.0 1.0609386129186098 2.1218772258372742 2.1218772258372125 1.0609386129186305 2.1218772258371748 2.3723308584404235 2.12187722583727 1.0609386129186311 2.372330858440643 2.1218772258372964
1320.0052461206074 2.12187722583727 2.372330858440487 4.374361963359812 2.1218772258372534 4.374361963359946 2.121877225837293 1.0609386129185507 2.121877225837291 4.374361963359809 1.0609386129186373 2.1218772258373044 2.121877225837288 2.3723308584404217 1.060938612918612 1.0609386129186027 2.1218772258373173 2.121877225837314 0.0 1.0609386129187113 1.0609386129186482 2.3723308584404004 2.12187722583732 1.500393775234823 2.1218772258373413 1.060938612918777 2.121877225837373 2.121877225837418 2.1218772258373204 2.1218772258373804 3.0007875504696946 1.0609386129186342 2.1218772258373475 2.121877225837302 1.060938612918622 2.1218772258373404 2.1218772258373195 0.0 1.0609386129187195 2.1218772258373644 3.000787550469796 1.06093861291869 2.1218772258373138 2.3723308584404825 0.0 2.1218772258371863 4.374361963359928 2.1218772258372685 1.0609386129187053 2.3723308584404474 2.3723308584403573 2.3723308584402973 4.37436196335985 4.374361963359832 2.121877225837303 2.1218772258374354 2.121877225837325 2.12187722583725 1.0609386129186549 1.0609386129187657 2.1218772258373075 2.121877225837418 2.3723308584404648 2.121877225837302 1.0609386129186864 2.1218772258374186 2.121877225837333 2.121877225837235 4.374361963359948 2.1218772258372045 1.0609386129187215 2.121877225837398 2.1218772258372813 2.121877225837275 1.060938612918716 2.121877225837481 1.060938612918628 4.374361963359883 2.1218772258372423 0.0 2.121877225837293 2.121877225837176 4.374361963359928 4.3743619633598145 4.374361963359886 0.7426570290430565 4.374361963359896 1.5003937752348249 2.1218772258372924 2.121877225837443 2.121877225837306 2.121877225837373 2.1218772258373377 3.0007875504695525 0.0 1.0609386129184797 4.374361963359855 2.1218772258373813 1.0609386129186236 1.0609386129186216 2.1218772258373044 2.12187722583736 4.374361963359913 1.5003937752348344 1.0609386129186131 3.000787550469879 2.1218772258373133 2.121877225837423 0.0 1.0609386129187595 2.121877225837319 2.1218772258373093 1.060938612918663 3.3549824744426826 2.121877225837325 4.37436196335999 1.0609386129185818 4.374361963359799 1.0609386129186833 3.0007875504696773 2.121877225837244 4.374361963359823 2.1218772258372955 1.0609386129185492 2.121877225837272 2.1218772258372014 0.0 3.0007875504696973 1.5003937752348209 1.060938612918558 1.500393775234856 0.0 2.121877225837306 1.0609386129184883 2.1218772258372747 2.3723308584404648 1.060938612918632 1.0609386129187266 2.372330858440442 3.0007875504697696 1.0609386129186213
1330.0052461206074 1.0609386129186151 0.0 1.0609386129186935 2.121877225837243 4.374361963359837 3.0007875504697186 1.0609386129186458 2.1218772258372898 2.121877225837198 1.0609386129186775 1.5003937752348357 2.1218772258372756 2.3723308584403893 2.1218772258373244 2.121877225837263 2.121877225837279 2.121877225837215 0.0 3.000787550469777 1.500393775234848 2.3723308584404896 2.121877225837344 3.0007875504697354 4.374361963359908 2.12187722583735 2.121877225837331 3.0007875504697106 2.1218772258372574 2.121877225837405 2.1218772258372423 1.060938612918567 4.374361963359898 2.12187722583744 1.0609386129186544 2.1218772258371783 2.1218772258372316 2.3723308584404434 1.0609386129186646 1.5003937752347496 4.3743619633598625 2.121877225837255 4.374361963359843 0.0 2.121877225837259 4.374361963359939 3.000787550469712 1.060938612918515 4.374361963359891 0.0 1.0609386129186165 3.000787550469671 4.374361963359853 4.374361963359907 0.0 1.0609386129186478 2.1218772258373235 2.3723308584405554 1.0609386129186684 0.0 2.3723308584404292 2.372330858440558 0.0 1.0609386129185916 4.374361963359893 1.500393775234817 2.1218772258373297 0.0 2.1218772258373657 2.3723308584406153 3.000787550469758 2.12187722583731 4.374361963359858 2.121877225837219 1.060938612918678 1.060938612918594 1.5003937752348602 2.1218772258371956 1.0609386129187115 2.1218772258373124 2.1218772258373186 1.060938612918513 0.7426570290430339 2.121877225837378 4.374361963359872 3.0007875504696555 2.372330858440401 1.060938612918626 2.3723308584404297 2.121877225837341 1.060938612918638 1.0609386129187606 2.1218772258372884 2.3723308584404657 0.0 1.0609386129187144 2.1218772258373435 2.1218772258373195 1.060938612918643 3.0007875504697354 4.374361963359876 4.37436196335983 1.0609386129186718 1.0609386129185088 2.121877225837273 2.1218772258373355 1.0609386129186762 1.06093861291869 4.374361963359932 1.50039377523488 2.1218772258372702 1.060938612918757 2.121877225837278 6.365631677511982 2.121877225837302 0.0 4.374361963359832 2.372330858440455 3.000787550469722 1.0609386129186764 2.121877225837272 4.3743619633599415 1.0609386129187057 2.1218772258373795 2.121877225837307 1.500393775234861 2.3723308584404403 4.374361963359892 2.12187722583733 1.06093861291853 2.121877225837336 2.121877225837259 2.121877225837279 3.00078755046976 2.1218772258372667 1.5003937752350025 1.0609386129186564 1.0609386129187723 4.374361963359869 0.0 1.060938612918674
1340.0052461206074 2.1218772258372063 2.3723308584404683 1.5003937752348357 2.1218772258373226 4.374361963360022 2.121877225837327 2.121877225837378 1.5003937752348588 1.5003937752348557 1.5003937752348555 1.5003937752348526 2.1218772258372325 0.0 2.3723308584404514 1.0609386129187925 2.1218772258373435 2.1218772258372565 3.000787550469741 3.354982474442544 3.00078755046969 2.121877225837376 4.374361963359961 1.5003937752348748 4.37436196335996 2.1218772258374115 1.0609386129186598 1.0609386129187577 1.5003937752348158 2.12187722583722 2.1218772258372676 3.000787550469682 1.0609386129186167 1.0609386129185707 4.374361963359904 1.0609386129185674 2.372330858440414 4.374361963359848 1.500393775234862 1.5003937752348007 1.0609386129187168 1.0609386129185 1.0609386129187055 2.121877225837331 1.0609386129186835 2.121877225837195 2.121877225837287 4.374361963359855 4.3743619633599025 2.1218772258374745 2.121877225837364 2.121877225837306 1.0609386129187155 1.060938612918732 2.3723308584404394 4.37436196335977 4.374361963359874 2.1218772258374408 1.0609386129186547 1.0609386129187193 2.3723308584404594 4.374361963359921 0.0 1.0609386129186753 1.0609386129185783 1.0609386129185319 1.500393775234841 2.1218772258374035 2.1218772258373453 2.3723308584403333 2.121877225837235 1.060938612918712 4.3743619633599256 1.0609386129185816 4.374361963359861 2.121877225837187 2.1218772258373386 3.0007875504697297 2.1218772258373253 2.372330858440467 2.121877225837295 2.121877225837327 0.7426570290430339 2.1218772258373746 1.060938612918703 4.374361963359983 1.0609386129186666 2.1218772258372605 2.37233085844044 2.121877225837398 2.1218772258372365 1.06093861291858 2.121877225837372 2.372330858440439 1.0609386129186655 2.1218772258373413 3.3549824744427674 0.0 4.374361963359928 4.37436196335998 4.374361963359874 2.3723308584404776 2.1218772258373653 1.0609386129186256 3.000787550469712 2.1218772258373866 2.1218772258373284 2.121877225837195 1.5003937752348577 1.0609386129187492 2.1218772258373475 4.374361963359861 2.1218772258373253 6.365631677511887 1.0609386129186402 0.0 0.0 3.3549824744427554 2.3723308584404403 2.1218772258373204 2.1218772258373146 4.374361963360019 1.06093861291871 1.060938612918679 2.1218772258373275 4.374361963359942 2.1218772258373138 1.0609386129186322 1.0609386129186655 2.1218772258373297 2.1218772258372502 2.12187722583738 4.37436196335989 2.1218772258373866 1.0609386129185991 2.1218772258374434 0.0 1.0609386129186285 4.374361963359879 3.000787550469514 1.5003937752348808
1350.0052461206074 2.121877225837282 2.372330858440355 1.0609386129188265 1.060938612918623 4.374361963359835 0.0 2.1218772258373755 2.121877225837337 1.5003937752347416 4.374361963359856 2.1218772258373857 1.0609386129186908 3.0007875504699175 1.0609386129186469 2.121877225837315 2.1218772258373217 1.0609386129187601 2.372330858440473 1.060938612918694 1.060938612918711 2.121877225837407 1.0609386129185976 4.374361963359824 2.1218772258373506 1.0609386129185387 2.121877225837308 2.12187722583743 1.060938612918608 1.060938612918613 1.060938612918649 4.374361963359968 4.374361963359931 3.000787550469566 2.121877225837288 1.5003937752348535 2.1218772258372995 2.3723308584404355 2.121877225837266 4.374361963359843 2.121877225837339 2.1218772258371668 1.060938612918582 3.0007875504697274 1.060938612918611 2.3723308584404568 3.000787550469716 2.121877225837364 2.121877225837259 2.372330858440431 2.121877225837271 3.0007875504697292 1.0609386129186216 2.121877225837205 2.1218772258373275 1.0609386129185026 2.1218772258373204 4.374361963359872 1.0609386129187168 3.0007875504696946 2.121877225837303 0.0 1.500393775234837 1.0609386129186964 1.0609386129186393 2.121877225837354 1.0609386129186233 2.1218772258373884 2.1218772258373546 4.3743619633598145 4.374361963359817 1.0609386129186202 2.121877225837291 2.121877225837261 1.0609386129186351 1.5003937752348855 3.000787550469741 4.374361963359959 4.374361963359907 3.000787550469797 1.06093861291868 2.372330858440453 1.4853140580860962 4.374361963359974 2.1218772258372582 2.1218772258372356 1.0609386129186524 1.0609386129186478 2.1218772258373146 2.121877225837373 2.1218772258373253 2.121877225837282 2.1218772258373075 2.1218772258374115 2.3723308584404594 3.000787550469663 2.1218772258372485 4.374361963359884 3.0007875504696826 2.1218772258374305 2.1218772258373084 2.121877225837303 4.374361963359853 2.1218772258373253 2.1218772258373386 2.1218772258372725 2.121877225837295 2.1218772258372107 2.372330858440455 3.000787550469712 2.372330858440461 0.0 1.060938612918674 6.365631677512024 1.0609386129186524 2.3723308584404137 4.374361963359865 2.1218772258371605 4.374361963359883 1.0609386129185756 3.0007875504697186 4.374361963359866 1.0609386129186964 2.1218772258372973 2.1218772258373315 1.060938612918545 2.3723308584404412 1.0609386129186391 0.0 2.1218772258372978 1.060938612918697 2.121877225837374 2.1218772258372676 2.1218772258374674 1.0609386129186507 2.121877225837152 2.1218772258372622 2.12187722583729 1.0609386129186513 2.1218772258372876 2.121877225837345
1360.0052461206074 2.121877225837293 2.3723308584404603 2.121877225837282 2.3723308584404474 1.5003937752348704 2.372330858440418 2.121877225837286 4.374361963359905 4.374361963359924 2.12187722583727 2.1218772258371863 3.0007875504697137 0.0 2.121877225837327 2.1218772258372924 1.0609386129186726 2.1218772258371823 2.121877225837282 1.0609386129187872 2.121877225837331 1.0609386129186966 1.060938612918583 3.0007875504697066 1.0609386129186968 1.0609386129187102 2.1218772258373315 1.060938612918822 1.060938612918666 1.0609386129187683 0.0 3.000787550469776 2.121877225837314 1.0609386129185239 3.0007875504697195 2.121877225837259 2.121877225837246 4.37436196335974 2.1218772258372836 0.0 2.121877225837283 1.060938612918703 1.0609386129186156 0.0 1.500393775234959 2.3723308584404537 2.121877225837355 2.1218772258373138 2.121877225837305 2.372330858440395 4.374361963359895 2.3723308584404745 1.5003937752348646 2.1218772258373146 2.372330858440453 2.121877225837279 2.121877225837293 2.12187722583742 4.3743619633598865 1.5003937752348375 1.0609386129187226 2.121877225837451 3.3549824744426835 3.0007875504697052 1.0609386129186682 1.0609386129187814 1.0609386129186205 1.0609386129185552 1.0609386129185936 3.000787550469748 1.0609386129185938 1.060938612918657 4.374361963359936 1.0609386129186813 1.0609386129186207 3.0007875504697004 2.1218772258372973 2.372330858440299 2.121877225837248 2.121877225837444 2.1218772258373138 2.121877225837331 1.4853140580860962 0.0 1.0609386129186062 4.374361963359803 1.0609386129186578 4.374361963359778 2.3723308584404013 4.374361963359816 4.374361963359861 4.374361963359854 1.5003937752348262 4.374361963359859 6.365631677511888 2.3723308584404714 4.374361963359942 4.374361963359863 2.1218772258372702 3.000787550469685 4.37436196335989 2.3723308584404195 4.374361963359902 2.1218772258372587 4.37436196335988 1.060938612918745 4.374361963359883 2.1218772258374408 3.0007875504697186 0.0 1.0609386129186402 2.121877225837234 2.1218772258372876 1.0609386129185199 3.0007875504697106 3.00078755046973 1.060938612918717 3.0007875504696866 1.0609386129186613 1.0609386129186198 2.121877225837335 1.0609386129185359 1.060938612918583 1.0609386129187737 1.5003937752348202 2.1218772258372667 2.3723308584404403 4.374361963359976 2.3723308584404195 1.0609386129186356 1.060938612918707 2.1218772258373724 2.1218772258373413 2.1218772258372613 4.374361963359885 2.121877225837271 1.5003937752348482 2.1218772258373177 4.37436196335991 2.3723308584404843 3.0007875504697363
1370.0052461206074 1.0609386129186358 1.5003937752348573 4.374361963359823 2.372330858440441 2.1218772258374337 2.3723308584404044 1.500393775234834 1.0609386129186276 1.0609386129185936 1.0609386129186436 3.0007875504698305 1.0609386129186709 2.3723308584404514 2.121877225837366 2.121877225837338 2.1218772258373146 2.1218772258374075 2.372330858440455 1.5003937752348537 2.1218772258373186 2.121877225837364 4.374361963359848 4.374361963359887 1.0609386129187028 1.0609386129187235 1.060938612918679 1.060938612918622 2.121877225837334 1.0609386129187695 4.7446617168808904 2.121877225837396 2.121877225837307 1.0609386129187195 2.1218772258373204 1.0609386129186344 2.1218772258373786 1.0609386129185807 2.1218772258373724 0.0 2.3723308584405043 2.1218772258371845 2.121877225837283 1.500393775234764 2.1218772258373417 2.121877225837394 2.3723308584403577 2.1218772258373924 3.0007875504697172 2.3723308584403933 2.1218772258372876 0.0 3.000787550469789 1.0609386129185212 2.121877225837345 1.0609386129185725 2.1218772258373164 3.000787550469742 2.121877225837346 2.121877225837367 2.3723308584404093 2.3723308584403155 4.374361963359912 4.374361963359718 1.0609386129186313 1.060938612918585 1.0609386129186655 1.0609386129185336 1.0609386129186724 2.121877225837203 0.0 2.1218772258372183 2.372330858440459 1.0609386129185996 3.0007875504697146 2.372330858440511 1.5003937752348586 2.121877225837346 2.1218772258373324 2.372330858440465 1.0609386129186589 0.0 4.374361963359872 1.0609386129186693 2.121877225837316 3.0007875504696067 3.0007875504697106 2.121877225837349 2.3723308584404266 2.121877225837419 4.37436196335993 2.121877225837311 1.0609386129185867 2.121877225837135 2.121877225837253 0.0 2.12187722583736 4.374361963359936 2.121877225837247 6.36563167751202 1.500393775234896 2.3723308584404523 2.121877225837269 1.5003937752346999 1.060938612918645 2.121877225837295 2.1218772258373075 1.0609386129186704 1.060938612918665 1.0609386129188034 2.1218772258372978 3.0007875504695742 2.121877225837278 2.121877225837419 2.121877225837279 2.1218772258373932 2.121877225837288 2.3723308584403986 2.1218772258372987 2.1218772258374132 3.000787550469718 2.121877225837358 1.060938612918715 0.0 2.121877225837336 2.121877225837356 2.3723308584404474 2.1218772258372605 2.121877225837335 1.0609386129185496 1.0609386129185965 1.0609386129187963 2.1218772258372978 2.121877225837267 2.1218772258373337 1.0609386129186102 6.365631677511892 2.121877225837268 4.374361963359897 2.3723308584403964 2.1218772258373
1380.0052461206074 1.060938612918715 2.121877225837376 2.1218772258373386 0.0 1.0609386129185272 2.121877225837243 2.121877225837289 4.374361963359892 2.1218772258373413 2.121877225837295 1.0609386129185103 2.121877225837339 2.372330858440416 4.37436196335988 2.121877225837446 1.0609386129187282 4.374361963359996 3.0007875504697172 2.1218772258373226 1.0609386129185994 3.0007875504697017 2.1218772258372907 2.372330858440265 2.121877225837374 2.3723308584403875 2.1218772258372818 1.5003937752349472 2.1218772258372818 3.0007875504696995 4.243754451674573 2.1218772258372285 2.1218772258372995 2.121877225837214 3.0007875504697066 4.374361963359854 1.0609386129186906 1.0609386129185217 1.0609386129187075 2.1218772258373604 2.121877225837326 4.374361963359853 2.121877225837325 0.0 1.060938612918695 0.0 2.3723308584404403 2.1218772258372125 4.374361963359872 2.1218772258372782 1.0609386129186187 2.1218772258371814 2.1218772258373217 2.121877225837397 4.374361963359872 4.374361963360032 1.0609386129186669 2.1218772258371987 1.060938612918661 1.0609386129187373 2.372330858440461 2.3723308584404257 0.0 1.060938612918606 4.374361963359862 2.1218772258373226 2.1218772258373164 2.1218772258372707 2.121877225837351 2.3723308584404115 1.0609386129186256 0.0 1.5003937752348555 1.0609386129186802 2.1218772258373333 2.121877225837311 2.3723308584404403 2.3723308584404554 1.0609386129186251 2.121877225837187 3.000787550469738 2.121877225837228 3.0007875504697155 1.0609386129187504 4.374361963359844 2.372330858440476 4.374361963359853 3.354982474442626 0.0 1.0609386129186236 4.374361963359859 2.1218772258371863 2.1218772258372325 2.372330858440481 1.0609386129186804 2.1218772258372924 1.0609386129186653 1.0609386129186935 1.0609386129185885 1.0609386129187162 2.121877225837315 2.3723308584404386 2.1218772258372467 3.0007875504696653 4.374361963359881 2.1218772258371925 1.5003937752348075 2.121877225837275 2.121877225837339 4.374361963359844 0.0 2.121877225837383 1.5003937752348453 3.0007875504697012 4.374361963359894 2.121877225837452 1.5003937752348606 4.374361963359831 1.0609386129186194 4.374361963359832 1.0609386129186311 2.121877225837411 4.374361963359873 2.121877225837323 2.1218772258372702 4.3743619633599025 3.0007875504697017 1.500393775234859 2.1218772258372893 1.0609386129187763 2.1218772258373475 2.1218772258373924 1.060938612918669 2.1218772258372125 1.0609386129186604 1.0609386129186054 3.000787550469711 1.060938612918517 2.3723308584404372 0.0 4.374361963359888
1390.0052461206074 2.121877225837419 3.354982474442762 1.5003937752346959 4.37436196335988 4.374361963359794 2.121877225837335 2.1218772258373475 4.374361963359893 2.121877225837234 2.1218772258372667 2.1218772258372707 2.1218772258373324 2.1218772258371956 2.3723308584404177 1.0609386129186371 1.5003937752349479 1.060938612918666 2.37233085844045 2.3723308584404292 1.0609386129185816 2.1218772258372742 1.0609386129186946 2.121877225837327 1.0609386129187026 1.0609386129185336 2.121877225837282 1.0609386129187819 3.0007875504697132 1.0609386129185456 2.121877225837339 1.060938612918505 1.060938612918634 1.0609386129185523 1.0609386129186724 1.912634284498843 1.0609386129186726 1.0609386129188128 1.0609386129187055 2.3723308584404834 2.1218772258372955 2.121877225837352 4.37436196335984 4.374361963359912 1.5003937752348544 2.121877225837411 2.1218772258373404 4.374361963359985 2.121877225837243 0.0 4.3743619633598865 2.3723308584403915 3.0007875504697146 2.121877225837189 2.1218772258372915 1.0609386129188119 1.0609386129186402 3.000787550469746 1.060938612918716 1.0609386129185079 1.0609386129187164 0.0 3.0007875504697163 1.0609386129187464 1.0609386129185763 1.0609386129186857 1.060938612918705 0.0 4.374361963359843 4.374361963359983 2.3723308584405354 2.3723308584404825 1.0609386129186718 4.374361963359855 2.1218772258373577 1.5003937752346768 2.121877225837289 3.0007875504697457 4.37436196335992 4.3743619633599 4.374361963359896 2.3723308584404745 1.4853140580860962 2.1218772258371925 2.372330858440367 4.374361963359792 1.0609386129186458 3.000787550469711 0.0 1.0609386129185636 0.0 0.0 1.0609386129186653 3.0007875504697976 1.060938612918618 2.121877225837384 2.121877225837319 1.0609386129186158 1.5003937752348548 2.1218772258373972 1.500393775234903 2.3723308584404297 4.374361963359859 2.1218772258373244 2.121877225837311 1.0609386129186718 4.374361963359882 2.121877225837399 2.1218772258373098 4.374361963359824 2.121877225837346 4.374361963359952 2.1218772258372747 4.374361963359925 2.1218772258373186 2.372330858440432 2.1218772258373093 2.1218772258372582 1.060938612918682 0.0 1.0609386129186669 3.354982474442728 3.00078755046975 2.3723308584403715 2.1218772258373466 4.374361963359758 2.372330858440433 2.1218772258374115 4.374361963359855 1.0609386129186695 2.121877225837345 2.1218772258372263 1.0609386129186626 1.0609386129185798 1.0609386129187217 3.0007875504696986 1.0609386129186615 1.0609386129185907 2.121877225837263 4.374361963359774 1.0609386129186373
1400.0052461206074 1.5003937752347538 2.1218772258372502 2.1218772258373675 1.0609386129186655 1.0609386129186607 1.0609386129186664 1.060938612918568 2.121877225837277 2.1218772258372356 2.1218772258373026 2.121877225837218 4.3743619633599 3.000787550469748 4.3743619633598625 3.000787550469776 1.0609386129186764 1.0609386129186655 2.121877225837289 0.0 2.121877225837322 2.121877225837252 4.374361963359885 2.3723308584405016 1.0609386129185883 0.0 2.1218772258372907 1.0609386129186862 2.121877225837338 1.0609386129187703 2.121877225837351 2.121877225837385 1.0609386129186646 1.0609386129186587 1.0609386129186518 2.12187722583729 1.0609386129186964 2.1218772258372973 2.121877225837365 4.374361963359816 1.0609386129186218 1.0609386129185336 2.12187722583731 1.060938612918683 1.0609386129187235 1.0609386129185474 1.0609386129186593 1.0609386129188032 2.3723308584404625 4.374361963359737 2.121877225837301 2.3723308584403395 3.000787550469712 1.0609386129187637 2.121877225837315 1.0609386129185214 2.3723308584404745 2.121877225837269 2.12187722583726 2.1218772258373324 2.1218772258373586 2.3723308584405975 2.372330858440423 1.5003937752349492 2.12187722583725 1.0609386129186476 3.0007875504697132 2.1218772258372396 2.121877225837297 2.372330858440411 4.374361963359917 2.37233085844041 1.060938612918678 3.0007875504697465 1.0609386129186096 0.0 3.0007875504696777 4.374361963359926 1.0609386129186509 0.0 2.1218772258372636 0.0 1.4853140580860944 1.0609386129185765 2.3723308584403915 1.500393775234895 1.0609386129186578 1.0609386129187421 4.374361963359924 2.1218772258374403 2.3723308584404053 2.121877225837179 1.500393775234799 2.1218772258374705 2.121877225837269 0.0 4.374361963359864 2.121877225837403 4.374361963359933 2.121877225837315 1.06093861291864 2.1218772258372334 1.060938612918596 2.1218772258373315 2.121877225837293 2.121877225837282 2.121877225837287 2.1218772258372423 2.1218772258373 2.121877225837239 2.1218772258372796 2.121877225837368 1.0609386129186622 1.5003937752348713 1.0609386129186298 0.0 2.12187722583737 2.3723308584404865 2.1218772258373377 2.121877225837247 1.0609386129186476 3.0007875504697337 2.1218772258373657 1.0609386129185434 2.1218772258373226 2.121877225837398 2.3723308584404497 2.121877225837222 2.1218772258373253 2.1218772258372685 1.0609386129186031 1.0609386129185496 1.0609386129186515 2.121877225837295 2.3723308584404754 4.374361963359844 2.1218772258373093 2.121877225837163 2.1218772258373275 2.372330858440422 1.0609386129186724
1410.0052461206074 1.0609386129187457 2.12187722583728 1.0609386129185658 4.374361963359871 1.0609386129187346 1.500393775234948 2.121877225837195 2.1218772258373177 2.1218772258373533 1.0609386129186456 1.5003937752346945 1.060938612918652 2.1218772258371783 2.121877225837327 1.0609386129186575 1.0609386129187206 2.121877225837375 2.3723308584404497 2.121877225837251 2.1218772258373573 2.1218772258372414 1.060938612918629 2.372330858440493 2.1218772258373386 1.060938612918566 0.0 4.374361963359844 4.374361963359874 1.5003937752348375 2.1218772258373115 2.121877225837264 2.372330858440464 1.0609386129186171 2.1218772258372662 1.5003937752348688 2.372330858440459 1.5003937752348389 1.0609386129185954 2.121877225837316 1.060938612918645 4.374361963359848 2.1218772258373195 1.0609386129186886 4.374361963359862 1.0609386129185194 1.0609386129186442 2.121877225837299 2.3723308584405314 2.1218772258373884 1.06093861291863 2.1218772258373257 2.1218772258372782 2.1218772258372467 2.3723308584404137 3.000787550469693 0.0 3.0007875504697235 2.121877225837364 1.0609386129186318 2.372330858440468 1.060938612918801 2.1218772258373466 2.3723308584403657 1.0609386129186622 3.0007875504697616 3.000787550469709 2.1218772258372414 1.912634284498979 2.372330858440371 2.121877225837304 1.0609386129186495 2.1218772258372893 2.1218772258373453 2.1218772258373764 3.0007875504695156 2.121877225837279 2.121877225837357 2.1218772258372502 2.1218772258372565 2.1218772258372782 3.0007875504697625 0.0 4.374361963359912 4.3743619633599655 4.374361963359929 0.0 1.0609386129185214 3.0007875504697443 2.121877225837272 4.37436196335991 1.0609386129187528 1.0609386129186547 4.374361963359744 2.1218772258372987 0.0 1.0609386129186302 2.121877225837278 2.1218772258373204 0.0 1.5003937752348373 2.121877225837204 3.000787550469715 2.121877225837215 2.1218772258373426 4.374361963359883 1.0609386129186407 2.1218772258373986 2.1218772258372818 4.374361963359961 2.1218772258372978 1.0609386129188143 1.0609386129186802 4.374361963360016 4.374361963359904 0.0 2.121877225837328 2.121877225837281 1.0609386129186256 2.121877225837343 4.374361963359894 3.0007875504697252 2.1218772258373413 2.121877225837292 2.121877225837335 1.0609386129186134 2.1218772258372636 2.1218772258372818 2.3723308584404474 2.1218772258374283 1.0609386129186142 2.121877225837319 2.1218772258373053 4.374361963359974 2.121877225837259 1.0609386129186391 1.0609386129186893 2.3723308584405434 1.5003937752348406 2.372330858440462 2.1218772258373133
1420.0052461206074 4.374361963359993 3.3549824744426897 1.0609386129184974 1.0609386129186702 1.0609386129185316 2.1218772258373453 4.3743619633598465 2.1218772258373058 2.1218772258372067 1.5003937752348107 2.121877225837297 1.9126342844988873 2.1218772258373226 2.1218772258373226 0.0 2.1218772258373724 1.060938612918672 2.372330858440461 2.372330858440438 2.121877225837353 4.374361963359907 3.0007875504697705 0.0 4.37436196335988 2.121877225837303 2.1218772258373004 1.0609386129185197 1.0609386129186584 2.121877225837158 1.0609386129186305 2.1218772258373932 2.1218772258372947 1.0609386129187195 2.121877225837315 1.060938612918565 2.121877225837364 4.374361963359958 1.0609386129186535 2.1218772258374137 4.374361963359872 1.5003937752348318 2.1218772258373693 1.0609386129186165 4.374361963359865 2.3723308584404172 1.0609386129186043 3.0007875504695325 2.3723308584404674 2.121877225837136 2.121877225837289 0.0 2.12187722583732 1.0609386129187137 4.374361963359896 2.121877225837375 1.0609386129186458 2.1218772258372187 2.1218772258372374 2.1218772258373715 2.372330858440428 4.374361963359964 2.12187722583728 1.0609386129187222 1.0609386129186775 2.121877225837419 1.060938612918601 3.000787550469697 3.000787550469716 2.121877225837148 2.1218772258372547 2.3723308584404745 2.1218772258373444 3.0007875504697292 4.374361963359887 2.3723308584404874 2.1218772258373115 2.121877225837195 2.1218772258373457 2.1218772258372613 1.0609386129186777 4.37436196335998 1.4853140580861348 0.0 1.06093861291862 2.1218772258372103 2.1218772258373293 3.000787550469739 2.3723308584404292 4.374361963359948 2.121877225837321 1.0609386129185747 1.0609386129186094 2.121877225837357 4.374361963359912 6.365631677512001 2.121877225837284 1.0609386129186067 1.5003937752348513 2.1218772258372587 4.374361963359869 6.365631677511936 1.0609386129186378 1.0609386129185794 4.374361963359911 4.3743619633597355 0.0 2.1218772258372405 2.1218772258372973 2.121877225837274 1.0609386129186904 0.0 2.1218772258373355 4.37436196335998 1.0609386129186924 2.1218772258371477 1.0609386129185818 0.0 2.1218772258372844 4.374361963359955 2.1218772258372867 0.0 2.3723308584404323 2.121877225837361 1.0609386129186515 0.0 4.374361963359912 2.121877225837291 2.1218772258372924 0.0 1.500393775234828 2.121877225837296 2.121877225837319 2.1218772258374017 0.0 3.000787550469745 2.121877225837307 2.121877225837386 2.1218772258373035 2.3723308584404355 4.374361963359885
1430.0052461206074 4.374361963359907 2.121877225837226 1.060938612918661 1.5003937752348064 1.9126342844989241 4.374361963359872 1.06093861291874 2.1218772258372844 1.060938612918663 2.1218772258372907 1.0609386129185516 2.121877225837316 3.0007875504696777 2.121877225837348 2.1218772258372214 2.121877225837261 1.0609386129185392 4.374361963359902 2.121877225837322 2.121877225837367 1.060938612918578 2.12187722583723 0.0 2.121877225837331 1.060938612918726 2.3723308584404514 1.060938612918769 2.1218772258372733 2.1218772258373213 1.0609386129186116 1.0609386129187142 2.372330858440452 1.060938612918811 2.121877225837309 4.374361963359904 2.1218772258372613 0.0 2.121877225837367 3.0007875504696893 2.1218772258373213 3.0007875504697346 2.121877225837298 3.35498247444268 4.374361963359858 1.0609386129185427 2.3723308584404346 1.0609386129186509 2.121877225837337 2.121877225837244 4.374361963359879 3.000787550469718 2.372330858440404 2.121877225837215 4.374361963359924 1.0609386129187994 2.1218772258372836 4.374361963359827 4.374361963359952 2.372330858440506 1.0609386129187048 2.3723308584406126 3.000787550469682 1.5003937752348493 2.1218772258372964 1.5003937752347498 0.0 2.1218772258371867 2.1218772258373444 4.374361963359905 1.0609386129186678 2.121877225837234 2.1218772258373377 2.1218772258371956 2.121877225837351 4.374361963359915 2.121877225837307 4.374361963359936 3.0007875504696315 2.3723308584404204 1.0609386129186436 2.121877225837207 3.0007875504697297 2.3723308584404754 4.37436196335987 0.0 3.0007875504697377 2.121877225837411 3.0007875504696977 2.1218772258371863 2.1218772258373457 4.374361963359937 2.1218772258372547 4.374361963359931 1.060938612918633 4.37436196335992 1.0609386129186755 4.37436196335983 1.0609386129186593 1.5003937752348493 1.0609386129186356 2.12187722583726 2.121877225837318 2.1218772258373244 2.1218772258372867 0.0 2.1218772258372613 4.374361963359909 2.121877225837261 2.121877225837391 2.121877225837252 2.121877225837283 1.500393775234849 2.121877225837363 1.0609386129186615 4.374361963359879 1.0609386129186917 2.1218772258373044 1.0609386129186096 2.121877225837409 1.5003937752348673 2.372330858440437 3.0007875504697314 2.12187722583737 2.1218772258372933 1.0609386129186487 2.3723308584404417 1.0609386129185987 2.372330858440455 0.0 2.1218772258373075 1.0609386129186125 2.1218772258373013 0.0 1.500393775234946 3.0007875504697297 2.1218772258372747 0.0 2.3723308584404714 3.0007875504696178 4.374361963359916
1440.0052461206074 1.0609386129185319 2.1218772258373613 1.0609386129186775 2.1218772258373138 1.0609386129187275 0.0 2.1218772258372955 3.0007875504697012 2.1218772258373777 2.1218772258372893 1.0609386129187757 1.0609386129186333 4.374361963359928 2.121877225837234 2.121877225837283 4.374361963359925 1.0609386129185854 0.0 4.374361963359912 1.0609386129187173 2.121877225837291 2.1218772258372525 0.0 2.3723308584404537 1.0609386129187668 0.0 2.1218772258372938 0.0 4.243754451674547 2.121877225837373 2.121877225837362 4.374361963359855 1.0609386129186729 1.0609386129186515 2.1218772258372867 1.0609386129186857 2.121877225837293 1.0609386129186118 1.0609386129187273 2.1218772258373226 2.121877225837176 2.121877225837369 2.1218772258373733 2.1218772258373044 1.060938612918778 1.0609386129186813 2.1218772258372995 3.000787550469683 4.374361963359935 2.1218772258372818 0.0 2.3723308584404474 1.0609386129186806 0.0 2.1218772258372756 2.1218772258373373 1.0609386129186555 2.121877225837328 1.0609386129188223 4.3743619633598145 0.0 0.0 4.37436196335983 4.374361963359814 2.1218772258372103 2.121877225837303 3.000787550469682 2.1218772258373004 0.0 1.060938612918616 2.3723308584404346 2.1218772258373444 1.0609386129185485 4.37436196335985 2.121877225837268 1.0609386129186293 0.7426570290429175 2.121877225837323 3.0007875504696186 2.121877225837338 2.121877225837363 4.37436196335984 0.0 1.060938612918657 4.374361963360076 2.372330858440484 0.0 2.3723308584404417 1.0609386129187113 2.121877225837339 2.1218772258372454 1.5003937752348364 2.372330858440492 2.3723308584404674 2.121877225837292 2.1218772258373364 1.0609386129187264 3.0007875504696786 2.3723308584404688 1.0609386129186331 2.1218772258373595 2.3723308584404434 1.060938612918522 1.5003937752348326 2.121877225837364 1.0609386129186669 2.121877225837263 1.5003937752348304 1.0609386129185143 1.0609386129186575 1.5003937752347687 1.0609386129186333 3.182815838755931 2.1218772258373435 0.0 2.1218772258373417 1.060938612918549 1.060938612918675 2.12187722583724 1.0609386129186396 2.3723308584405927 2.3723308584404474 1.0609386129187575 2.121877225837269 1.0609386129184843 0.0 2.121877225837411 0.0 2.121877225837432 2.121877225837307 1.0609386129188072 1.0609386129186862 1.0609386129186595 3.0007875504697363 2.1218772258373426 1.0609386129186276 4.374361963359964 2.1218772258373084 4.374361963359768 3.00078755046969
1450.0052461206074 2.121877225837239 2.121877225837301 2.1218772258373293 2.121877225837281 1.0609386129186036 2.3723308584404825 2.1218772258373972 1.0609386129186469 1.0609386129186709 2.121877225837285 2.121877225837293 1.060938612918675 3.000787550469633 2.12187722583735 2.1218772258373066 0.0 0.0 4.374361963359913 4.374361963359819 1.0609386129185991 0.0 2.121877225837367 2.3723308584405522 1.0609386129186573 1.0609386129186984 2.372330858440415 4.3743619633597755 4.374361963359877 4.2437544516744525 4.243754451674542 2.1218772258371565 2.3723308584404115 2.1218772258373106 3.0007875504696906 1.060938612918813 2.1218772258372898 2.1218772258373173 4.374361963359875 1.0609386129184906 1.5003937752348604 1.500393775234684 2.121877225837307 1.0609386129187377 4.3743619633599025 2.372330858440435 1.0609386129186913 2.1218772258373755 2.3723308584404608 4.374361963359934 1.060938612918661 0.0 2.3723308584404372 4.374361963359991 0.0 1.0609386129185856 2.1218772258373377 2.121877225837411 2.1218772258372773 2.1218772258373613 3.182815838755912 2.3723308584404075 0.0 1.060938612918581 1.060938612918663 4.374361963359841 3.000787550469707 2.1218772258373724 4.374361963359898 1.5003937752348722 1.060938612918663 1.0609386129185785 1.0609386129186513 1.5003937752349374 3.000787550469717 2.121877225837182 2.121877225837306 1.4853140580860105 1.0609386129185956 1.060938612918759 2.121877225837315 2.121877225837303 2.121877225837279 2.372330858440408 4.374361963359899 4.374361963359905 2.1218772258373235 2.12187722583726 2.3723308584404115 1.5003937752349275 2.121877225837316 2.1218772258372787 3.0007875504697186 2.1218772258373098 2.372330858440468 4.374361963359851 1.0609386129186376 1.0609386129186709 4.374361963359858 2.121877225837349 1.0609386129186367 1.0609386129187046 4.374361963359879 2.1218772258374012 1.0609386129186915 1.0609386129188165 4.374361963359912 2.121877225837307 1.060938612918667 1.0609386129184977 1.0609386129186797 4.374361963359931 1.060938612918674 3.000787550469363 2.1218772258373377 4.374361963359831 1.0609386129187168 1.0609386129184815 2.1218772258373293 2.1218772258373835 0.0 3.0007875504697186 2.37233085844043 2.121877225837271 1.0609386129186626 2.1218772258372343 2.3723308584404226 2.1218772258373653 2.1218772258373244 3.000787550469752 2.372330858440424 2.1218772258374425 1.0609386129186456 2.121877225837199 2.3723308584404186 4.374361963359923 2.1218772258373244 2.121877225837143 1.5003937752348568 1.0609386129185479 1.0609386129186467
1460.0052461206074 1.0609386129187717 2.1218772258372782 2.121877225837394 3.000787550469721 1.0609386129185885 3.0007875504697084 2.1218772258372813 4.374361963359887 4.374361963359975 4.374361963359846 2.121877225837318 1.0609386129186438 2.121877225837271 1.0609386129186267 1.060938612918647 2.1218772258373395 4.374361963359955 4.37436196335994 4.374361963359854 1.06093861291866 2.121877225837394 1.060938612918676 0.0 4.374361963359862 2.121877225837275 2.3723308584404292 2.1218772258373226 4.374361963359912 1.0609386129185627 1.0609386129185916 2.1218772258373773 3.0007875504697585 1.0609386129187495 1.0609386129186225 1.0609386129187515 1.060938612918636 4.374361963359837 1.0609386129186456 2.121877225837311 1.0609386129186724 1.0609386129185256 1.0609386129186182 1.0609386129187433 2.1218772258372747 4.374361963359887 4.374361963359847 4.374361963359827 2.1218772258372747 4.374361963359747 2.121877225837315 0.0 1.5003937752348513 4.374361963359889 4.374361963359909 4.3743619633598465 2.121877225837322 2.372330858440428 3.0007875504697172 2.1218772258372516 3.0007875504697186 2.12187722583725 0.0 1.0609386129187663 4.243754451674597 2.1218772258373066 4.3743619633598785 4.374361963359853 1.060938612918636 0.0 1.060938612918715 1.0609386129186227 2.121877225837347 2.121877225837381 4.374361963359865 4.374361963359896 2.1218772258373133 0.7426570290433243 2.121877225837232 3.0007875504698878 2.1218772258372844 1.0609386129186458 3.0007875504696786 2.3723308584404323 4.374361963359872 3.0007875504696195 3.0007875504696915 1.0609386129185403 2.1218772258373253 4.37436196335996 2.3723308584404275 4.374361963359922 2.121877225837355 2.372330858440462 2.3723308584404403 4.37436196335984 1.0609386129186547 3.000787550469757 2.121877225837273 1.0609386129184777 4.374361963359921 2.1218772258371255 4.374361963359917 2.121877225837335 3.0007875504697354 1.0609386129187823 1.060938612918641 1.0609386129186715 2.121877225837326 4.374361963359794 1.0609386129186633 2.121877225837291 1.0609386129186773 1.0609386129184488 1.0609386129186815 2.1218772258371814 4.374361963359901 2.1218772258372343 2.121877225837265 2.1218772258373986 1.0609386129186755 0.0 1.06093861291867 1.060938612918501 2.121877225837304 2.121877225837364 4.374361963359928 1.5003937752350218 3.0007875504696893 1.5003937752348715 1.0609386129186782 1.0609386129187408 2.121877225837305 4.374361963359746 4.374361963359978 2.1218772258372587 2.1218772258373035 2.121877225837451 3.0007875504697026 2.3723308584404426 2.121877225837259
1470.0052461206074 1.0609386129185212 2.1218772258372693 2.121877225837215 4.374361963359929 4.374361963359908 1.5003937752348455 1.500393775234852 1.060938612918639 1.060938612918677 0.0 1.0609386129187577 2.1218772258373337 3.000787550469724 2.1218772258372653 0.0 1.0609386129186809 1.0609386129186236 0.0 1.0609386129187732 1.06093861291867 3.0007875504697137 1.0609386129187082 1.0609386129187115 2.372330858440424 2.121877225837251 2.372330858440447 4.374361963359886 1.500393775234844 1.0609386129187333 1.0609386129186889 2.121877225837386 1.0609386129186211 1.0609386129187637 1.0609386129186504 4.374361963359858 2.121877225837271 1.060938612918511 2.121877225837244 1.0609386129187617 2.1218772258373155 2.121877225837352 2.1218772258372987 2.121877225837181 1.0609386129186793 1.0609386129186384 3.000787550469716 2.1218772258373986 2.3723308584404634 2.3723308584404377 2.3723308584404474 2.3723308584404603 2.121877225837336 2.121877225837225 2.3723308584404386 2.12187722583733 1.0609386129186489 2.1218772258374092 1.0609386129186456 1.0609386129186842 4.374361963359864 2.372330858440518 4.374361963359942 2.121877225837385 2.121877225837341 1.0609386129187794 1.060938612918668 0.0 2.121877225837271 2.1218772258372995 1.060938612918639 1.060938612918756 2.1218772258373364 2.1218772258372693 2.12187722583732 2.3723308584404252 3.000787550469748 2.3723308584404355 1.0609386129186575 3.000787550469683 2.1218772258372938 1.5003937752348597 4.374361963359864 2.121877225837453 2.1218772258372725 2.1218772258369767 0.0 2.121877225837263 2.121877225837294 1.0609386129186567 2.121877225837336 1.0609386129187917 2.1218772258373626 0.0 3.0007875504697377 2.121877225837299 2.121877225837296 1.500393775234831 2.3723308584404275 2.121877225837367 2.121877225837319 2.372330858440451 2.121877225837274 2.121877225837416 1.0609386129186902 1.0609386129184988 1.0609386129186493 1.0609386129185434 2.1218772258372836 4.374361963359993 4.374361963359854 4.37436196335989 1.0609386129186569 0.0 1.0609386129186376 2.1218772258372796 1.0609386129186895 1.0609386129185674 1.0609386129186087 1.060938612918494 2.121877225837344 4.374361963359827 2.3723308584404537 2.121877225837216 4.374361963359864 2.1218772258372485 2.3723308584404372 4.3743619633599575 0.0 2.1218772258371548 3.000787550469742 1.0609386129186185 2.121877225837302 1.0609386129187535 2.121877225837339 1.0609386129187934 2.121877225837263 1.060938612918737 6.365631677511937 2.372330858440442 1.0609386129186815
1480.0052461206074 2.1218772258373257 2.121877225837281 2.1218772258372955 2.3723308584404434 2.121877225837246 1.0609386129186635 1.0609386129185299 3.0007875504696915 2.1218772258373204 2.1218772258372653 2.1218772258372804 2.121877225837289 1.5003937752348298 1.0609386129186824 4.374361963360013 1.0609386129186886 0.0 4.374361963359884 4.3743619633598385 4.374361963359958 4.374361963359843 1.0609386129186134 2.121877225837403 1.0609386129186607 1.0609386129187934 2.3723308584404355 4.374361963359899 1.0609386129186549 4.243754451674613 2.121877225837266 2.121877225837241 2.3723308584403817 4.374361963360024 3.000787550469707 4.37436196335992 2.121877225837264 1.060938612918542 4.3743619633598705 4.3743619633599 2.121877225837289 2.1218772258373084 1.060938612918678 1.0609386129186018 1.0609386129186644 3.000787550469743 4.374361963359948 2.1218772258372463 4.3743619633599735 2.1218772258373826 1.0609386129186733 2.121877225837357 3.000787550469709 2.121877225837375 4.374361963359888 4.374361963359872 2.121877225837299 2.121877225837303 1.06093861291863 1.0609386129186325 0.0 2.1218772258372933 2.3723308584404412 2.3723308584404914 2.121877225837311 2.1218772258372813 1.0609386129186331 2.1218772258371428 1.060938612918629 0.0 2.121877225837295 2.121877225837221 2.121877225837294 2.1218772258372174 1.060938612918679 2.121877225837238 3.000787550469736 1.4853140580861905 2.121877225837379 4.374361963359868 2.1218772258373075 1.060938612918636 0.7426570290431053 4.374361963359937 0.0 2.121877225837436 3.0007875504697465 2.121877225837258 4.374361963359879 2.1218772258373493 0.0 2.1218772258373 2.121877225837319 2.1218772258373906 1.0609386129186433 0.0 1.0609386129186333 1.0609386129186849 4.374361963359935 2.121877225837255 2.1218772258372667 1.500393775234748 2.1218772258373186 0.0 1.0609386129186333 2.1218772258372813 2.121877225837327 2.121877225837349 4.374361963359885 2.1218772258373724 1.0609386129186336 1.0609386129187808 0.0 2.121877225837387 2.121877225837334 4.374361963359799 4.374361963359975 4.374361963359832 1.0609386129186655 3.0007875504697124 1.0609386129186518 0.0 4.3743619633598865 2.1218772258373715 2.12187722583732 2.1218772258373 2.1218772258372787 2.121877225837197 2.121877225837294 4.374361963359945 2.1218772258372733 2.121877225837261 1.0609386129186904 2.1218772258373924 3.000787550469764 1.0609386129187708 2.121877225837291 2.1218772258372227 4.374361963359855 2.372330858440436 4.374361963359854
1490.0052461206074 2.1218772258372853 2.372330858440447 2.121877225837366 1.5003937752348553 2.121877225837295 2.3723308584404434 1.0609386129185765 1.0609386129186655 2.121877225837308 1.0609386129186424 2.1218772258373275 1.500393775234849 2.1218772258373035 2.121877225837357 0.0 1.060938612918642 4.374361963359856 3.000787550469741 2.3723308584404394 2.1218772258372356 1.0609386129185912 2.121877225837283 1.0609386129187344 1.0609386129186802 2.1218772258372915 0.0 2.121877225837211 1.0609386129186051 0.0 2.1218772258373724 2.1218772258373626 2.121877225837304 1.0609386129186946 1.5003937752348422 2.1218772258372764 3.000787550469711 2.1218772258373555 2.1218772258373555 2.1218772258372867 2.1218772258373115 1.0609386129186196 1.060938612918665 1.0609386129188145 1.0609386129186233 2.121877225837219 1.0609386129186562 1.500393775234851 2.372330858440431 0.0 2.1218772258373213 1.0609386129187763 0.0 2.121877225837216 2.121877225837327 6.365631677511958 2.1218772258372685 0.0 4.3743619633599 2.121877225837272 2.1218772258372796 2.3723308584405896 2.1218772258373173 2.372330858440446 2.1218772258373537 1.0609386129185274 2.1218772258372938 2.1218772258374186 1.0609386129186618 2.3723308584405216 1.0609386129186535 2.121877225837244 2.1218772258373004 1.0609386129188025 2.121877225837271 1.0609386129187313 2.1218772258373413 2.1218772258374083 2.1218772258373044 2.121877225837371 2.1218772258372955 4.374361963359959 2.121877225837333 4.374361963359881 2.1218772258373075 2.121877225837115 0.0 4.374361963359869 2.1218772258373195 2.1218772258374066 2.121877225837303 1.0609386129187695 4.374361963359824 1.0609386129185634 2.1218772258372787 1.0609386129185188 1.0609386129186644 2.1218772258372667 3.00078755046971 2.1218772258373915 2.1218772258373324 3.0007875504696395 4.37436196335993 1.0609386129187148 1.0609386129186622 1.0609386129187484 1.0609386129186376 2.121877225837345 2.372330858440437 1.0609386129185616 1.060938612918647 3.0007875504696537 1.060938612918668 1.5003937752350835 1.060938612918651 2.3723308584404754 1.060938612918601 1.0609386129185499 2.1218772258372702 2.1218772258373226 1.06093861291865 2.3723308584403195 2.1218772258372893 4.374361963359881 1.0609386129186635 2.1218772258373235 3.0007875504696777 2.1218772258372343 4.37436196335988 3.0007875504696706 2.1218772258373293 2.121877225837227 1.0609386129186715 2.121877225837366 2.121877225837319 2.1218772258374208 2.121877225837327 1.0609386129187914 2.121877225837263 0.0 2.1218772258372747
1500.0052461206074 1.0609386129186675 2.1218772258373 1.0609386129187905 2.372330858440421 2.1218772258372005 0.0 3.0007875504697243 4.374361963359928 2.121877225837296 2.121877225837307 1.0609386129185228 1.0609386129186715 2.121877225837405 2.1218772258373786 2.1218772258372307 1.0609386129186384 1.0609386129186393 4.374361963359864 2.372330858440444 1.0609386129186327 1.060938612918788 1.5003937752348533 2.1218772258372924 1.0609386129186358 1.0609386129186857 2.372330858440463 1.5003937752349075 1.5003937752348626 2.1218772258372796 2.121877225837355 1.0609386129185414 2.1218772258373413 4.374361963359907 2.1218772258372685 2.3723308584403613 2.121877225837377 2.121877225837222 2.121877225837283 1.0609386129187817 2.121877225837311 2.1218772258371934 2.121877225837264 1.0609386129185001 1.0609386129186482 1.060938612918611 2.121877225837366 1.5003937752349246 2.1218772258372813 4.374361963360014 2.121877225837323 2.1218772258372987 0.0 2.1218772258374425 2.372330858440438 0.0 1.0609386129186509 2.3723308584403355 2.12187722583734 2.1218772258372423 1.060938612918673 1.0609386129187062 2.3723308584404545 2.372330858440415 2.1218772258372502 1.060938612918784 2.121877225837281 4.374361963359878 3.0007875504697052 0.0 2.121877225837335 2.121877225837266 1.0609386129186376 2.121877225837406 1.5003937752348635 2.1218772258372347 4.374361963359882 3.0007875504696644 1.0609386129186689 0.0 2.1218772258372534 4.374361963359936 4.374361963359904 2.121877225837303 2.1218772258372476 2.37233085844047 4.374361963359921 3.000787550469697 1.500393775234831 4.374361963359873 2.1218772258372676 1.0609386129187486 1.060938612918657 1.0609386129186886 2.121877225837319 2.1218772258372565 2.1218772258373253 2.1218772258372356 2.3723308584404497 2.1218772258373355 1.0609386129186602 1.060938612918294 2.1218772258372827 2.3723308584404115 1.0609386129186154 2.1218772258372454 4.374361963359924 2.1218772258372165 2.1218772258373173 2.121877225837256 2.121877225837332 2.1218772258373617 4.374361963359885 2.1218772258374363 1.0609386129186908 2.1218772258372707 2.1218772258373413 4.374361963359828 1.0609386129186282 1.0609386129186276 2.12187722583728 2.372330858440242 2.121877225837291 1.0609386129187899 2.12187722583733 2.121877225837235 2.1218772258373324 1.0609386129186398 2.372330858440468 0.0 2.1218772258373013 1.0609386129188072 2.1218772258372645 2.121877225837399 2.1218772258373235 1.0609386129186227 2.121877225837329 2.3723308584403604 3.0007875504697217 0.0 3.0007875504697425
1510.0052461206074 4.374361963359922 4.374361963359854 2.3723308584404426 2.3723308584404275 4.374361963359917 1.0609386129186436 1.500393775234901 2.121877225837327 2.121877225837223 1.060938612918641 1.0609386129186635 0.0 2.121877225837363 2.1218772258373337 2.372330858440432 2.121877225837365 1.0609386129185376 2.121877225837282 2.372330858440431 2.1218772258373813 2.372330858440522 1.500393775234849 1.0609386129186344 2.1218772258372893 2.121877225837386 0.0 1.0609386129187361 3.000787550469755 2.121877225837316 2.121877225837344 2.1218772258373577 2.1218772258373226 1.0609386129187932 4.374361963359868 4.3743619633599 2.121877225837323 4.374361963359944 1.0609386129186271 1.0609386129185483 2.121877225837339 2.1218772258373657 2.1218772258373617 1.0609386129187244 1.0609386129186775 1.060938612918549 2.12187722583724 2.121877225837379 2.121877225837284 2.3723308584404665 2.1218772258372818 4.3743619633598705 2.372330858440442 2.1218772258372285 3.0007875504696773 2.1218772258372636 2.1218772258372978 2.3723308584405256 1.0609386129186584 1.0609386129186613 2.121877225837314 2.3723308584405216 2.1218772258373133 2.1218772258373377 1.0609386129187106 2.3723308584405114 1.0609386129186233 0.0 2.121877225837298 2.1218772258373106 2.121877225837339 2.121877225837376 2.121877225837237 2.1218772258372187 1.5003937752348637 2.1218772258373972 2.121877225837358 4.374361963359863 0.0 2.121877225837363 2.1218772258373026 2.372330858440457 2.372330858440455 2.1218772258372223 4.374361963359888 2.3723308584404275 1.0609386129186331 2.1218772258371654 1.060938612918678 1.0609386129186755 4.374361963359905 2.1218772258372423 2.121877225837337 2.121877225837362 1.0609386129186804 1.060938612918495 3.1828158387559333 4.374361963359841 2.1218772258372853 1.060938612918697 1.0609386129186629 1.0609386129185947 2.121877225837348 2.121877225837219 1.0609386129186171 2.121877225837357 2.1218772258373293 2.1218772258373324 4.374361963359923 2.121877225837359 2.121877225837295 1.0609386129184544 4.374361963359859 4.374361963359919 1.0609386129186515 3.000787550469825 1.0609386129186456 1.0609386129185197 2.121877225837316 2.121877225837382 1.0609386129186726 3.0007875504697012 2.3723308584404563 2.121877225837224 4.374361963359924 2.121877225837211 2.3723308584404488 3.0007875504697807 2.3723308584404266 2.121877225837393 1.0609386129186886 2.1218772258372898 1.0609386129187017 0.0 2.3723308584404297 4.374361963359913 1.0609386129186567 2.1218772258372898 2.121877225837338 4.37436196336012 2.1218772258372667
1520.0052461206074 1.060938612918816 4.374361963359878 2.121877225837326 2.372330858440443 2.121877225837263 4.374361963359855 2.1218772258372196 3.000787550469726 1.0609386129187892 1.0609386129186678 1.0609386129188083 1.0609386129186456 2.1218772258374035 2.121877225837358 0.0 0.0 1.0609386129187377 1.5003937752348115 0.0 1.0609386129185971 2.1218772258373697 1.0609386129186538 1.0609386129186242 4.3743619633598705 4.374361963359921 2.121877225837326 2.121877225837263 3.354982474442677 2.121877225837462 2.1218772258372955 1.0609386129186675 1.5003937752348244 2.121877225837331 4.374361963359901 1.0609386129186287 2.1218772258373506 4.374361963359969 2.121877225837281 4.3743619633598465 1.0609386129186895 1.0609386129185714 2.121877225837268 3.000787550469727 2.1218772258373066 2.1218772258372587 2.121877225837353 2.1218772258373595 0.0 3.0007875504695276 1.0609386129186509 2.121877225837345 3.0007875504696897 1.5003937752348593 1.0609386129186051 2.1218772258374194 4.374361963359909 0.0 1.0609386129186489 2.1218772258373795 1.0609386129186493 2.121877225837297 0.0 2.1218772258371668 2.121877225837243 2.1218772258372574 2.1218772258373506 2.372330858440505 1.5003937752348484 2.121877225837391 2.1218772258372907 2.1218772258372667 1.5003937752348704 2.121877225837341 1.0609386129186524 1.0609386129186218 2.1218772258372733 1.485314058085997 2.1218772258373093 2.121877225837365 1.0609386129186251 2.3723308584404754 0.0 4.3743619633599256 2.1218772258372725 0.0 2.121877225837333 2.121877225837243 2.121877225837349 2.121877225837254 4.374361963359901 4.37436196335994 0.0 0.0 1.0609386129186382 1.0609386129186655 2.121877225837282 4.374361963359802 4.374361963359876 2.1218772258372653 4.374361963359866 4.374361963360093 2.1218772258373337 2.1218772258372187 1.0609386129186649 4.374361963359802 2.1218772258373324 1.0609386129186706 2.1218772258372978 2.1218772258373337 0.0 2.1218772258371725 0.0 1.0609386129183878 1.0609386129186877 1.060938612918787 1.0609386129186347 2.121877225837211 3.00078755046973 1.0609386129186058 2.1218772258372813 4.374361963359845 2.3723308584404332 2.1218772258373155 4.374361963359883 2.1218772258373586 2.3723308584404776 2.1218772258373657 2.121877225837297 2.372330858440466 1.060938612918616 1.0609386129185736 2.121877225837323 1.0609386129184737 2.1218772258373058 2.121877225837278 2.1218772258372955 2.121877225837303 4.374361963359928 2.372330858440423 1.0609386129186975
1530.0052461206074 1.5003937752348173 1.0609386129186809 2.121877225837349 4.374361963359907 1.5003937752350172 4.374361963359893 3.0007875504697665 1.060938612918646 2.121877225837331 2.121877225837295 4.3743619633599655 2.121877225837282 2.3723308584404417 2.3723308584404674 2.121877225837325 1.5003937752348502 4.374361963359799 2.1218772258373546 2.121877225837351 2.12187722583732 0.0 1.0609386129186595 2.121877225837336 2.3723308584404403 2.121877225837272 2.1218772258373035 4.374361963359832 1.5003937752348453 4.2437544516747066 4.2437544516745405 1.0609386129185296 2.121877225837318 4.374361963359859 2.121877225837338 2.1218772258373715 4.374361963359894 1.0609386129185776 1.0609386129187082 2.121877225837316 1.5003937752348382 1.060938612918713 2.121877225837315 2.1218772258373577 2.121877225837323 1.0609386129186493 1.0609386129186447 4.374361963359864 2.372330858440454 2.372330858440438 2.1218772258372613 6.365631677511859 0.0 6.365631677511964 2.3723308584404426 3.0007875504697843 3.0007875504697274 2.1218772258374137 2.121877225837295 1.0609386129185436 2.1218772258373133 2.372330858440387 2.372330858440434 2.1218772258372245 2.1218772258373018 2.3723308584404257 2.1218772258372733 2.1218772258372227 2.1218772258372685 2.121877225837346 1.060938612918625 2.12187722583737 2.3723308584404377 3.000787550469754 1.0609386129186869 2.1218772258372303 2.1218772258373395 1.485314058085997 2.1218772258373164 4.374361963359928 1.5003937752348264 2.121877225837418 2.372330858440455 2.1218772258371814 1.0609386129186995 2.372330858440423 1.4853140580860664 2.1218772258374328 2.372330858440412 2.1218772258372756 2.3723308584404688 1.0609386129184777 2.3723308584404363 1.0609386129185754 1.0609386129186646 2.121877225837291 1.5003937752348562 1.060938612918757 2.1218772258373315 4.3743619633598705 1.0609386129186915 4.37436196335971 1.5003937752348593 3.0007875504696426 1.0609386129186766 1.0609386129189111 2.1218772258373293 1.0609386129186138 1.0609386129186684 1.500393775235024 1.500393775234863 1.060938612918706 1.0609386129186684 2.12187722583739 2.121877225837276 1.0609386129187042 4.37436196335987 1.0609386129185654 1.060938612918665 2.121877225837287 2.121877225837267 0.0 3.00078755046973 2.121877225837248 1.060938612918645 4.374361963359939 2.372330858440444 1.0609386129187455 2.1218772258373066 0.0 2.121877225837316 1.0609386129187526 2.1218772258373275 1.0609386129185074 2.121877225837289 2.121877225837299 2.121877225837268 2.1218772258372782 1.0609386129186622 3.000787550469762 4.374361963359864
1540.0052461206074 2.1218772258372933 2.121877225837299 1.0609386129185574 3.3549824744426715 1.0609386129185776 1.5003937752348413 1.060938612918661 1.0609386129186282 4.374361963360019 2.1218772258373084 2.121877225837359 1.0609386129186136 4.374361963359878 1.0609386129186589 1.0609386129185125 2.121877225837283 1.5003937752348433 4.374361963359945 0.0 2.1218772258373315 2.12187722583738 2.121877225837296 1.0609386129187122 2.1218772258372907 2.1218772258373906 0.0 4.374361963359912 2.1218772258373 2.121877225837444 2.12187722583727 3.000787550469675 1.0609386129186773 2.1218772258372938 0.0 2.1218772258373884 2.1218772258373333 2.1218772258372294 1.0609386129185892 4.374361963359944 1.5003937752348375 1.0609386129187512 1.5003937752348773 2.1218772258373364 2.1218772258373106 1.0609386129185323 1.0609386129186535 1.0609386129184908 3.0007875504697497 2.121877225837403 1.0609386129186684 4.374361963359897 2.121877225837336 2.1218772258373777 0.0 2.3723308584405385 4.374361963359882 4.374361963359932 2.1218772258372933 1.0609386129185896 2.1218772258372955 1.0609386129185696 4.374361963359849 2.121877225837219 1.0609386129186877 2.372330858440556 3.0007875504697146 2.372330858440309 1.0609386129186396 2.3723308584404483 1.0609386129186769 2.121877225837341 2.1218772258372405 0.0 2.121877225837328 1.0609386129188234 4.374361963359884 0.7426570290427411 2.1218772258373337 1.060938612918633 3.0007875504697257 1.0609386129187048 2.372330858440455 2.3723308584403995 3.0007875504697155 2.372330858440473 4.374361963359921 2.1218772258371965 2.1218772258372907 3.0007875504697386 2.3723308584404355 1.060938612918536 1.0609386129186356 2.121877225837384 1.0609386129186595 6.365631677511986 2.121877225837333 1.0609386129185916 4.374361963359854 1.0609386129188012 2.121877225837282 0.0 2.1218772258372876 1.0609386129187754 2.121877225837287 1.060938612918296 1.0609386129186436 2.121877225837294 3.000787550469707 4.3743619633598945 1.060938612918646 2.1218772258372023 2.1218772258373524 3.0007875504697243 2.1218772258373106 0.0 1.5003937752347551 1.0609386129184817 4.374361963359877 1.0609386129188032 2.1218772258372622 4.374361963359879 0.0 2.1218772258372733 2.121877225837289 4.374361963359824 2.1218772258372933 2.121877225837293 2.3723308584404794 4.374361963359914 2.121877225837306 1.0609386129187466 4.374361963359908 1.0609386129185012 2.121877225837329 1.0609386129187586 1.0609386129186307 2.3723308584404776 1.0609386129186866 2.1218772258371827 1.0609386129186678
1550.0052461206074 2.1218772258372365 4.374361963359924 1.0609386129185094 2.3723308584404115 1.0609386129186222 1.0609386129186615 4.374361963359862 4.374361963359868 1.0609386129187417 1.0609386129186422 2.121877225837347 2.1218772258373284 1.5003937752348113 1.0609386129186464 0.0 2.1218772258373146 2.121877225837297 1.0609386129186995 2.372330858440403 1.0609386129186833 2.1218772258372023 2.1218772258372955 3.000787550469629 1.0609386129186258 2.1218772258372556 6.365631677511889 1.0609386129186769 2.121877225837343 3.0007875504697177 2.1218772258372613 2.1218772258373364 2.121877225837255 1.060938612918829 3.000787550469693 2.1218772258372396 1.0609386129186051 1.0609386129186493 2.121877225837349 1.0609386129186948 2.1218772258372987 1.0609386129186462 2.3723308584404634 1.0609386129184681 1.060938612918623 2.121877225837327 2.121877225837296 0.0 0.0 2.1218772258373626 2.121877225837319 2.121877225837417 4.374361963359857 2.121877225837333 2.1218772258372764 4.374361963359902 4.374361963359882 3.3549824744426737 1.0609386129186529 2.1218772258372947 1.0609386129186227 4.374361963359876 2.3723308584404568 2.1218772258372685 1.0609386129187044 2.1218772258373773 2.121877225837299 0.0 4.37436196335988 2.1218772258372804 1.0609386129186646 2.121877225837214 1.0609386129186653 2.121877225837325 1.0609386129186675 2.1218772258373293 3.0007875504697195 1.0609386129187617 1.0609386129186225 2.1218772258373777 1.0609386129186766 2.12187722583721 0.0 2.1218772258373964 3.0007875504697212 1.0609386129185356 2.372330858440425 1.0609386129184866 3.000787550469707 4.37436196335989 2.3723308584404474 0.0 2.372330858440461 1.0609386129187954 1.0609386129186975 4.374361963359881 2.1218772258373537 1.0609386129184717 3.00078755046976 2.372330858440464 1.0609386129186322 2.372330858440407 2.121877225837299 1.0609386129186675 1.0609386129186116 2.1218772258371974 1.5003937752348249 1.0609386129187885 2.1218772258372898 1.5003937752349992 1.060938612918641 3.00078755046971 1.0609386129186706 4.374361963359903 4.37436196335992 2.1218772258372556 2.372330858440443 1.060938612918683 2.1218772258373146 2.121877225837238 4.374361963359857 2.1218772258373546 0.0 1.5003937752349688 1.0609386129186371 2.1218772258373564 2.3723308584403964 0.0 2.121877225837323 6.365631677511975 2.121877225837282 1.0609386129186156 2.121877225837273 3.0007875504696986 1.0609386129186424 2.3723308584404506 2.3723308584404226 2.121877225837319 1.0609386129186567 3.000787550469868 2.1218772258373
1560.0052461206074 1.0609386129185423 2.1218772258373315 2.121877225837235 1.0609386129186398 1.0609386129185256 0.0 1.0609386129186373 1.5003937752348193 1.060938612918691 1.0609386129186438 2.121877225837265 1.06093861291861 2.1218772258374043 2.1218772258372716 2.1218772258373337 1.0609386129185872 2.121877225837176 1.0609386129186331 0.0 2.121877225837335 2.1218772258373817 4.374361963359877 2.121877225837356 2.372330858440428 2.1218772258373524 4.37436196335986 2.1218772258373684 1.5003937752348786 1.0609386129186522 2.121877225837343 2.121877225837351 2.121877225837333 2.1218772258372423 2.1218772258373035 2.121877225837116 1.0609386129186065 2.1218772258373515 1.060938612918626 0.0 1.060938612918649 4.37436196335986 2.372330858440457 1.060938612918745 3.0007875504696986 3.354982474442613 1.0609386129185903 3.000787550469748 0.0 2.12187722583724 2.121877225837275 0.0 4.374361963359942 1.50039377523483 2.372330858440415 2.37233085844053 2.121877225837258 2.121877225837184 2.1218772258373138 4.374361963359961 2.121877225837328 2.1218772258373164 4.374361963359911 2.37233085844046 2.1218772258373235 2.372330858440506 2.121877225837321 4.374361963360016 1.0609386129186824 2.1218772258373204 1.0609386129186678 1.060938612918559 1.0609386129186884 0.0 1.0609386129186393 1.060938612918498 2.1218772258373333 0.7426570290427411 1.060938612918684 2.121877225837194 1.0609386129186515 1.5003937752348944 3.0007875504697545 2.3723308584405114 2.121877225837269 2.121877225837422 2.121877225837333 2.121877225837439 2.372330858440458 1.5003937752348238 2.3723308584404466 2.3723308584403635 4.374361963359888 2.121877225837338 2.1218772258372653 1.5003937752347045 2.1218772258372987 2.121877225837311 2.372330858440438 4.37436196335998 2.121877225837242 3.0007875504696186 2.1218772258373155 1.060938612918718 1.0609386129186766 1.0609386129184628 2.1218772258372702 2.121877225837394 3.0007875504697226 3.3549824744425907 2.121877225837354 1.0609386129186495 2.121877225837328 0.0 1.0609386129186675 1.060938612918821 2.1218772258373284 2.121877225837247 2.1218772258372884 2.3723308584403884 2.1218772258373373 2.3723308584404856 2.121877225837292 2.1218772258373293 3.0007875504697528 2.121877225837303 2.121877225837255 3.0007875504697363 3.000787550469722 4.374361963359914 1.0609386129186398 0.0 3.000787550469687 2.1218772258373395 4.374361963359843 2.12187722583728 4.374361963359842 2.121877225837261 2.1218772258373217 2.121877225837372 1.060938612918641
1570.0052461206074 1.500393775234788 1.0609386129186353 1.0609386129187113 2.372330858440457 4.374361963359936 2.121877225837323 1.0609386129188174 2.121877225837298 1.0609386129184997 4.3743619633599184 2.1218772258373355 1.0609386129186595 4.374361963359875 2.1218772258373164 4.374361963359901 2.121877225837356 2.1218772258373604 1.0609386129185925 3.000787550469686 2.121877225837287 1.5003937752349141 1.060938612918678 1.060938612918708 1.06093861291864 2.121877225837215 2.372330858440443 1.0609386129187288 2.12187722583733 1.5003937752349927 2.1218772258373697 2.3723308584405474 2.372330858440464 2.1218772258372978 1.0609386129186582 4.374361963359888 1.0609386129186174 2.121877225837235 1.0609386129186726 3.0007875504697665 3.0007875504696977 1.060938612918745 3.0007875504696666 2.121877225837331 1.0609386129186575 1.0609386129186176 2.121877225837308 2.121877225837261 4.374361963359928 2.121877225837233 1.060938612918656 2.1218772258372884 4.374361963359881 4.3743619633597906 2.12187722583731 3.000787550469492 1.0609386129186187 0.0 2.1218772258372747 4.37436196335989 2.121877225837296 2.121877225837366 2.121877225837264 0.0 2.3723308584404714 1.0609386129188043 4.374361963359865 4.374361963359972 1.060938612918686 2.1218772258373155 2.121877225837299 2.121877225837345 3.0007875504697656 4.374361963359876 1.0609386129186678 1.0609386129186196 2.121877225837258 4.374361963360045 1.0609386129186598 1.0609386129186982 1.060938612918625 2.1218772258372334 0.7426570290430401 0.0 1.0609386129186575 1.0609386129186478 0.0 2.121877225837359 4.374361963359904 4.374361963359834 2.121877225837269 1.0609386129184906 2.1218772258372933 2.1218772258372467 1.0609386129186638 1.0609386129184986 1.0609386129186744 4.374361963359945 4.374361963359916 2.372330858440423 2.1218772258373155 2.1218772258371628 2.1218772258372907 2.121877225837301 4.374361963359881 3.000787550469479 1.0609386129186902 1.060938612918678 3.0007875504696964 4.37436196335988 1.0609386129186484 1.060938612918299 1.060938612918686 3.000787550469563 2.121877225837291 4.374361963359772 1.060938612918664 1.0609386129185965 2.1218772258373 2.3723308584404235 4.374361963359894 2.3723308584405656 1.0609386129186311 1.0609386129185052 1.0609386129186371 2.1218772258373617 0.0 3.0007875504698083 0.0 2.372330858440457 2.1218772258372867 2.121877225837242 1.0609386129186655 1.0609386129184823 2.372330858440431 4.374361963359891 2.372330858440439 2.121877225837263 2.1218772258372676 1.0609386129189677 2.121877225837293
1580.0052461206074 2.1218772258372764 2.1218772258373044 2.1218772258373413 2.1218772258373386 2.3723308584405327 1.0609386129186653 1.0609386129187215 2.121877225837356 1.0609386129187153 4.374361963359925 1.5003937752349463 2.1218772258372764 1.0609386129185467 1.0609386129186613 1.5003937752348482 2.121877225837298 2.121877225837272 2.121877225837326 2.37233085844051 2.1218772258373306 2.3723308584407037 1.0609386129186598 3.0007875504695547 2.12187722583733 2.121877225837132 4.374361963359905 2.1218772258373737 1.0609386129186256 4.243754451674593 2.1218772258372582 1.0609386129187472 4.374361963359851 2.1218772258373493 1.0609386129186609 4.374361963359982 4.374361963359866 0.0 0.0 2.1218772258372924 2.121877225837261 2.12187722583732 2.3723308584404474 1.0609386129186051 1.060938612918639 1.0609386129188159 2.121877225837329 2.1218772258371894 2.372330858440419 2.1218772258373786 1.0609386129186982 2.1218772258371765 2.3723308584404776 1.0609386129183078 1.5003937752348895 2.37233085844048 2.121877225837271 2.12187722583733 1.0609386129186447 1.0609386129187004 4.374361963359893 4.374361963359901 3.0007875504697297 2.3723308584404093 2.12187722583725 1.0609386129186438 2.121877225837298 2.3723308584403315 2.1218772258373138 2.3723308584405673 2.1218772258373364 1.060938612918631 2.121877225837355 3.0007875504697017 4.374361963359885 2.121877225837258 2.1218772258372605 4.3743619633597755 1.0609386129186855 1.0609386129185545 2.121877225837262 2.372330858440624 1.4853140580861022 2.1218772258374305 2.121877225837339 4.37436196335994 2.372330858440457 2.121877225837307 0.0 1.060938612918773 4.374361963359883 2.1218772258372787 1.0609386129186567 1.0609386129185552 4.374361963359936 2.121877225837307 1.5003937752348353 4.374361963359782 2.1218772258372613 1.0609386129183092 1.0609386129186167 3.000787550469544 2.121877225837291 2.121877225837296 2.1218772258372898 1.5003937752350225 0.0 1.0609386129185092 2.1218772258373275 1.0609386129187912 2.121877225837311 2.121877225837279 2.121877225837255 4.374361963359896 4.3743619633599184 1.0609386129187104 1.0609386129186336 1.0609386129186962 4.374361963359901 2.3723308584405736 4.374361963359917 1.5003937752350303 1.0609386129186689 1.0609386129184757 1.060938612918669 3.000787550469752 2.3723308584404386 4.374361963360099 4.374361963359899 4.374361963359884 1.060938612918648 0.0 2.1218772258373013 3.0007875504697745 4.374361963359906 4.374361963359922 4.374361963359899 2.121877225837299 2.1218772258373733 4.374361963359934 3.0007875504696826
1590.0052461206074 4.374361963359927 2.121877225837313 0.0 2.3723308584404315 2.121877225837255 1.060938612918646 1.500393775234917 4.374361963359912 2.121877225837355 1.0609386129186937 2.1218772258374186 2.1218772258373426 2.121877225837396 1.0609386129186549 2.1218772258373817 4.374361963359859 1.0609386129186298 2.12187722583733 2.3723308584404403 1.0609386129186456 2.121877225837309 4.374361963359903 3.0007875504697687 1.060938612918663 4.243754451674584 4.374361963359898 3.0007875504695316 1.0609386129186305 2.1218772258373235 1.0609386129186082 0.0 2.121877225837259 1.5003937752348218 4.37436196335988 2.37233085844053 1.0609386129186507 1.0609386129186391 1.5003937752348901 2.1218772258373075 1.0609386129186391 1.0609386129185303 2.372330858440459 2.1218772258373586 2.121877225837304 1.0609386129184917 0.0 2.1218772258373635 2.121877225837342 1.0609386129187715 2.121877225837328 2.1218772258372702 0.0 2.1218772258372356 2.121877225837243 2.1218772258370096 3.0007875504697035 4.374361963359885 4.374361963359871 2.121877225837289 1.5003937752348773 3.000787550469766 2.121877225837297 2.1218772258373204 0.0 2.1218772258373617 3.0007875504697434 2.3723308584404017 1.0609386129186682 4.374361963359893 4.374361963359888 1.0609386129187046 3.0007875504697137 2.3723308584405842 2.1218772258373244 3.0007875504696075 2.1218772258372796 1.4853140580860968 2.3723308584404452 0.0 1.0609386129186553 2.3723308584404355 1.4853140580861022 1.0609386129186713 1.060938612918628 1.0609386129186684 0.0 2.1218772258371956 2.1218772258372787 1.0609386129188032 1.060938612918656 4.37436196335989 4.374361963359902 2.121877225837369 1.0609386129186298 1.500393775234913 2.121877225837272 3.0007875504696346 2.12187722583729 2.121877225837403 1.0609386129186655 1.5003937752346597 2.1218772258373293 1.0609386129186658 1.0609386129186262 1.060938612918922 2.1218772258372915 1.0609386129188412 1.5003937752348824 2.1218772258373324 1.0609386129186094 1.0609386129183518 1.060938612918611 2.3723308584405536 2.1218772258372933 1.0609386129184981 2.121877225837309 1.0609386129184666 1.06093861291868 2.372330858440376 2.12187722583728 2.1218772258369247 0.0 4.3743619633599735 1.0609386129186344 2.121877225837289 2.3723308584404843 2.1218772258372556 2.121877225837303 0.0 2.121877225837337 2.121877225837278 1.0609386129186447 2.121877225837344 0.0 4.374361963359893 2.372330858440433 2.1218772258372818 1.0609386129187082 2.121877225837338 2.121877225837303
1600.0052461206074 1.060938612918647 1.0609386129186396 2.1218772258372653 2.3723308584404306 2.1218772258371663 1.0609386129186391 4.374361963359902 3.000787550469747 2.121877225837339 4.374361963359909 1.5003937752347107 1.060938612918641 1.060938612918598 2.1218772258373018 1.060938612918477 4.374361963359848 1.0609386129186693 1.0609386129186935 2.372330858440404 2.121877225837289 2.1218772258373013 1.0609386129186456 1.5003937752349132 2.121877225837264 2.1218772258372867 4.374361963359905 1.060938612918757 2.121877225837257 2.121877225837371 2.1218772258373377 2.1218772258372898 2.12187722583732 0.0 4.374361963359852 0.0 1.500393775234861 2.1218772258373058 4.374361963359867 1.5003937752348822 2.121877225837315 1.0609386129185847 2.3723308584404403 1.0609386129186091 2.121877225837293 1.0609386129187495 2.1218772258373244 2.1218772258372236 3.0007875504697226 2.121877225837243 2.121877225837299 2.121877225837677 0.0 2.121877225837296 2.121877225837291 2.121877225837306 4.374361963359912 2.3723308584405767 1.0609386129186327 2.12187722583729 2.1218772258373297 3.000787550469649 4.374361963359911 1.0609386129185612 1.0609386129186134 2.1218772258374488 2.1218772258373457 4.3743619633598865 2.1218772258372947 2.1218772258373706 2.1218772258373177 1.0609386129185894 1.0609386129186595 1.500393775234801 2.121877225837276 1.060938612918568 1.0609386129186322 2.1218772258372813 2.372330858440436 1.0609386129188587 1.0609386129186642 1.0609386129187588 0.7426570290430511 0.0 2.1218772258372938 4.374361963359874 2.372330858440454 2.121877225837241 0.0 2.1218772258373617 2.121877225837278 3.00078755046989 2.12187722583729 1.0609386129185836 1.0609386129186535 2.1218772258373413 2.1218772258373315 2.1218772258373635 2.3723308584404754 2.121877225837689 1.0609386129186256 2.1218772258372938 2.121877225837318 3.0007875504696684 2.1218772258372978 2.121877225837078 1.0609386129186487 2.1218772258373426 4.3743619633598625 0.0 2.121877225837309 1.5003937752347485 1.0609386129186795 4.374361963359825 2.1218772258372467 1.0609386129187668 3.0007875504696857 2.1218772258372725 2.121877225837329 3.0007875504697603 2.121877225837313 2.1218772258370073 2.1218772258373026 2.121877225837261 4.37436196335987 2.12187722583719 2.3723308584404177 1.0609386129189873 4.374361963359829 2.1218772258374647 1.0609386129186336 4.374361963359887 3.000787550469709 1.0609386129187999 2.372330858440457 1.5003937752348393 3.000787550469689 2.121877225837282 2.1218772258372613 2.121877225837331 3.0007875504696684
1610.0052461206074 4.374361963359886 2.121877225837274 2.1218772258373426 2.1218772258372827 0.0 1.0609386129186467 1.0609386129185037 4.3743619633599 2.1218772258373315 1.5003937752348238 2.121877225837335 2.1218772258373026 1.0609386129186509 2.1218772258372898 2.1218772258373146 0.0 1.06093861291895 0.0 2.1218772258374545 2.1218772258373324 2.121877225837272 2.1218772258372725 4.374361963359954 2.1218772258372964 2.1218772258373733 2.1218772258373373 1.0609386129188345 4.3743619633598945 4.24375445167463 2.1218772258373453 2.1218772258372813 0.0 1.0609386129186784 1.0609386129186558 2.3723308584405056 2.121877225837299 2.1218772258373426 2.1218772258372804 2.3723308584405314 1.5003937752348453 2.1218772258373226 4.374361963359909 1.0609386129187834 3.000787550469711 1.0609386129188143 1.060938612918676 1.0609386129189913 1.5003937752348608 2.121877225837373 2.121877225837307 2.372330858440298 3.0007875504696964 1.0609386129185052 1.0609386129186893 3.000787550469818 2.1218772258373186 2.3723308584405793 2.12187722583731 1.5003937752349497 2.1218772258373044 2.3723308584404856 4.374361963359905 2.1218772258372742 2.121877225837341 2.121877225837316 2.121877225837345 2.121877225837355 1.5003937752348462 2.372330858440245 2.121877225837281 2.121877225837334 2.1218772258373226 0.0 1.0609386129186276 3.0007875504696364 1.0609386129186322 0.7426570290427431 2.1218772258372907 1.0609386129183183 1.0609386129186615 2.1218772258373844 3.0007875504696813 2.3723308584405474 1.0609386129186436 1.0609386129190053 2.12187722583732 1.0609386129190062 6.365631677511881 4.374361963359796 1.5003937752349032 2.1218772258373377 2.1218772258373346 1.0609386129186353 1.500393775234813 1.0609386129185496 2.3723308584404528 4.374361963359783 4.3743619633598945 2.121877225837349 3.3549824744427097 0.0 0.0 1.060938612918706 2.121877225837326 2.1218772258373217 1.0609386129186167 1.0609386129188265 4.374361963359853 2.372330858440554 2.3723308584404315 4.374361963359908 1.0609386129186236 2.1218772258369847 1.0609386129186753 1.060938612918474 1.500393775234897 2.1218772258373177 2.121877225837307 2.3723308584404705 1.5003937752348457 2.121877225837157 2.1218772258373266 1.0609386129186644 2.121877225837289 2.1218772258372485 2.3723308584404506 2.1218772258372933 2.121877225837294 2.372330858440471 1.060938612918638 2.1218772258373604 2.121877225837323 2.1218772258373075 2.1218772258373435 2.3723308584404257 0.0 1.0609386129184935 6.365631677511891 4.374361963359728 3.0007875504696857
1620.0052461206074 1.060938612918501 2.121877225837336 2.1218772258373173 2.372330858440448 0.0 2.121877225837275 2.372330858440462 1.0609386129186436 2.1218772258373155 2.121877225837264 2.1218772258372867 2.121877225837273 2.121877225837243 1.0609386129186675 2.121877225837303 4.3743619633598945 1.0609386129183147 2.3723308584404403 1.0609386129185785 1.060938612918688 4.37436196335987 3.000787550469708 2.3723308584405207 2.121877225837331 2.1218772258374115 4.3743619633598625 1.0609386129187734 2.121877225837328 2.121877225837333 2.121877225837352 2.121877225837294 2.1218772258372685 2.1218772258372853 1.060938612918635 0.0 2.1218772258372933 1.0609386129187013 1.5003937752348553 1.0609386129184877 1.0609386129186489 2.1218772258373266 3.0007875504697163 2.121877225837252 0.0 2.121877225837319 3.0007875504697226 2.1218772258373604 4.374361963359856 2.1218772258372858 4.374361963359885 1.0609386129186595 2.1218772258373266 2.121877225837302 1.060938612918684 3.0007875504697266 2.1218772258372933 2.372330858440348 4.374361963359881 0.0 2.121877225837303 2.1218772258372747 2.372330858440435 1.0609386129187977 4.374361963359906 4.374361963359866 1.0609386129186371 4.3743619633598945 4.374361963359927 0.0 4.37436196335985 1.0609386129187621 2.3723308584404244 2.3723308584403435 1.0609386129186311 1.5003937752349286 1.0609386129186575 1.4853140580860968 2.121877225837327 2.121877225837302 1.0609386129186404 2.1218772258372853 1.0609386129187008 2.1218772258371725 2.121877225837299 1.0609386129184424 4.374361963359905 4.374361963359942 4.374361963359921 2.121877225837317 2.372330858440453 1.0609386129184948 2.121877225837299 2.1218772258372747 4.374361963359852 1.0609386129186154 1.0609386129186176 4.374361963359866 2.1218772258372773 2.1218772258372933 2.121877225837307 2.3723308584404204 2.121877225837322 1.060938612918764 3.0007875504696786 2.1218772258373453 1.060938612918683 2.121877225837289 2.121877225837255 4.37436196335988 4.374361963359835 2.1218772258373324 2.1218772258373013 0.0 2.1218772258373533 1.0609386129187814 2.121877225837309 2.121877225837279 1.0609386129186384 2.3723308584403395 4.37436196335993 0.0 2.3723308584404577 1.0609386129188405 1.0609386129186564 2.1218772258372574 2.1218772258373115 2.1218772258372844 2.3723308584404217 2.372330858440402 4.374361963359919 2.1218772258374363 2.12187722583733 4.374361963359816 1.0609386129186533 4.37436196335991 1.060938612918642 2.121877225837357 2.121877225837326 2.121877225837334 4.374361963359875
1630.0052461206074 0.0 2.121877225837299 1.0609386129186618 2.121877225837295 2.3723308584405447 1.0609386129186282 4.374361963359885 2.12187722583731 2.121877225837345 1.0609386129186449 1.0609386129185396 2.1218772258372898 2.1218772258372196 4.374361963359863 2.121877225837247 2.37233085844043 1.0609386129186964 2.1218772258373044 3.0007875504699713 1.0609386129186327 2.1218772258372502 2.121877225837339 2.3723308584404066 3.0007875504697585 2.12187722583723 0.0 2.1218772258373195 1.0609386129186416 1.0609386129185996 2.121877225837303 1.06093861291883 2.3723308584404603 1.0609386129184564 2.1218772258373155 2.121877225837289 1.0609386129186316 1.060938612918823 2.1218772258373337 2.372330858440475 3.000787550469693 2.121877225837337 2.121877225837329 2.1218772258372964 4.374361963359887 2.1218772258372636 2.1218772258373044 3.0007875504696475 4.374361963359872 1.0609386129187628 2.121877225837327 2.1218772258373404 3.000787550469688 4.3743619633599575 3.0007875504697186 1.5003937752347576 1.0609386129186595 0.0 1.06093861291864 2.1218772258373186 2.121877225837269 3.0007875504694868 2.3723308584404177 1.060938612918848 4.374361963359935 2.12187722583732 4.374361963359885 0.0 2.121877225837348 4.374361963359915 2.1218772258372947 2.1218772258373053 2.121877225837315 1.5003937752349326 1.0609386129186236 2.121877225837255 2.3723308584404603 4.374361963359867 2.3723308584404257 2.121877225837087 2.1218772258373138 1.0609386129185472 3.0007875504697203 1.0609386129186131 2.121877225837316 1.0609386129187466 2.3723308584404164 2.121877225837335 2.3723308584403893 1.5003937752349965 2.1218772258373284 2.1218772258373244 2.12187722583731 1.0609386129188265 2.121877225837315 1.0609386129185467 2.3723308584404394 1.0609386129185154 4.374361963359904 1.0609386129182587 3.0007875504697568 1.5003937752350212 3.354982474442695 2.121877225837258 2.1218772258372858 2.121877225837301 1.0609386129186746 2.121877225837267 2.1218772258373195 0.0 0.0 4.374361963359937 2.1218772258373098 2.1218772258375966 4.374361963359908 1.060938612918548 1.0609386129186522 2.121877225837335 2.1218772258372876 1.5003937752348766 1.0609386129186362 4.374361963359953 2.1218772258372676 2.1218772258373195 1.0609386129186265 2.121877225837299 1.0609386129186542 2.121877225837307 2.1218772258373084 2.372330858440504 6.365631677511931 4.374361963359896 1.0609386129185878 2.121877225837287 4.374361963359861 0.0 4.374361963359879 0.0 4.374361963359944 2.121877225837271 1.5003937752348777
1640.0052461206074 0.0 2.121877225837264 4.374361963359931 2.3723308584404172 2.3723308584404648 1.060938612918686 3.0007875504698487 0.0 1.0609386129187865 2.1218772258373617 4.374361963360011 2.121877225837328 1.060938612918778 3.000787550469712 0.0 1.0609386129186766 2.121877225837334 2.1218772258372978 2.1218772258372516 2.1218772258373226 6.365631677511931 3.000787550469716 0.0 2.12187722583729 4.744661716880929 2.372330858440475 4.374361963359885 3.000787550469715 2.1218772258372494 4.243754451674622 2.372330858440488 2.372330858440437 2.1218772258372947 1.0609386129186502 1.500393775234987 1.0609386129186293 0.0 2.121877225837267 2.3723308584403124 2.121877225837315 2.1218772258373355 0.0 1.0609386129187224 1.060938612918653 2.121877225837315 4.374361963359896 4.374361963359802 2.1218772258372844 1.060938612918819 2.1218772258372964 3.0007875504698345 0.0 1.0609386129185796 4.374361963359888 4.374361963359796 2.121877225837324 0.0 1.060938612918667 1.0609386129187934 2.121877225837318 4.374361963359944 0.0 1.0609386129185865 2.372330858440418 1.0609386129186298 2.121877225837271 4.374361963359889 2.121877225837274 2.3723308584406353 1.0609386129186862 1.0609386129187859 4.374361963359896 2.121877225837337 1.5003937752348169 1.5003937752348655 2.3723308584404155 1.4853140580860968 3.000787550469665 1.060938612918325 1.0609386129186567 2.1218772258373 1.4853140580861253 2.121877225837312 4.374361963359926 2.3723308584404834 2.3723308584404155 2.121877225837323 3.0007875504697554 1.0609386129187184 2.372330858440411 1.5003937752350167 1.5003937752348673 1.0609386129188276 2.1218772258372924 2.121877225837282 2.121877225837288 2.121877225837291 2.1218772258373346 1.060938612919017 1.0609386129186498 2.1218772258372876 1.500393775234839 1.0609386129187814 3.000787550469683 2.1218772258373106 1.0609386129187157 1.060938612918786 2.3723308584403924 2.1218772258370593 2.1218772258372627 4.374361963359818 1.5003937752349015 2.3723308584406215 2.1218772258372596 2.1218772258372836 4.3743619633598625 1.0609386129185652 2.121877225837267 2.372330858440369 2.1218772258372507 2.3723308584404452 2.1218772258372947 2.1218772258372876 2.121877225837358 2.121877225837343 3.0007875504697226 1.0609386129183962 3.0007875504697155 3.000787550469652 2.121877225837291 2.3723308584403275 2.1218772258372893 4.37436196335983 0.0 2.1218772258372636 2.1218772258373115 1.0609386129187075 2.1218772258372938 2.121877225837295 2.1218772258373066
1650.0052461206074 2.121877225837271 1.0609386129186613 1.0609386129184675 2.12187722583735 4.3743619633598625 1.0609386129186253 2.121877225837339 2.1218772258372707 1.0609386129188072 2.1218772258373493 2.372330858440491 1.0609386129187006 2.121877225837283 4.374361963359858 3.354982474442723 2.3723308584404443 2.121877225837302 0.0 1.0609386129187826 4.374361963359916 2.121877225837279 1.50039377523481 0.0 0.0 4.243754451674534 2.3723308584404514 2.121877225837283 1.0609386129186846 1.0609386129186218 4.243754451674614 2.3723308584404466 2.3723308584404634 2.121877225837285 1.06093861291865 4.374361963359862 1.0609386129186544 2.1218772258372804 2.1218772258372707 2.1218772258373413 3.0007875504697377 1.0609386129186065 2.3723308584404363 4.374361963359895 3.000787550469686 1.060938612918782 2.1218772258373386 4.374361963360022 2.1218772258373138 1.0609386129186553 1.060938612918664 3.0007875504699784 4.374361963359932 1.5003937752347924 1.0609386129186706 1.0609386129184977 1.0609386129186813 2.3723308584403657 2.1218772258373226 2.1218772258372858 2.121877225837308 2.1218772258373355 2.3723308584404874 2.121877225837318 0.0 4.374361963359896 2.121877225837357 3.3549824744427172 4.374361963359902 0.0 0.0 1.0609386129185079 0.0 2.1218772258371335 2.1218772258372938 2.121877225837318 2.1218772258372685 1.4853140580860968 2.1218772258373053 2.121877225837287 2.1218772258373133 1.060938612918583 2.121877225837301 1.060938612918788 4.37436196335988 2.372330858440409 2.37233085844048 1.0609386129188156 2.121877225837315 1.0609386129184757 1.5003937752348353 1.0609386129185219 3.0007875504697155 2.121877225837323 1.5003937752348901 4.374361963359914 1.5003937752348808 1.5003937752347758 3.354982474442672 3.0007875504695036 4.374361963359867 2.121877225837304 3.0007875504697132 2.121877225837311 3.0007875504696964 4.374361963359982 2.1218772258373435 2.1218772258372818 0.0 1.0609386129185991 3.000787550469688 2.121877225837292 4.374361963359884 2.1218772258372796 3.0007875504697026 2.1218772258373098 2.3723308584404186 2.121877225837277 1.0609386129186311 1.0609386129185336 1.0609386129186795 4.374361963359745 2.3723308584404195 2.1218772258372973 2.1218772258372676 2.1218772258373146 1.0609386129186575 2.1218772258372685 2.121877225837306 2.3723308584405536 2.121877225837352 4.37436196335989 2.1218772258372756 2.121877225837331 2.372330858440434 4.3743619633598945 2.372330858440463 2.3723308584403804 3.0007875504697017 1.0609386129185696 2.1218772258373475
1660.0052461206074 3.0007875504698185 1.0609386129186305 4.3743619633599815 1.0609386129186784 2.1218772258372804 2.12187722583729 2.1218772258372653 0.0 1.0609386129184897 1.060938612918618 2.1218772258370917 1.0609386129186473 2.1218772258372773 3.000787550469699 3.000787550469693 3.0007875504697377 1.0609386129184317 0.0 0.0 3.000787550469733 0.0 0.0 2.1218772258373058 3.0007875504697004 4.243754451674591 0.0 1.0609386129186522 1.0609386129186416 4.374361963359939 2.1218772258372702 2.121877225837287 0.0 2.1218772258373093 3.0007875504697497 3.0007875504700148 1.0609386129186333 1.0609386129187597 2.121877225837315 0.0 1.0609386129186829 2.3723308584404537 0.0 1.0609386129184717 2.121877225837313 1.0609386129186538 1.0609386129186245 2.372330858440189 0.0 2.1218772258372853 1.0609386129186587 2.1218772258376846 3.0007875504697017 3.0007875504696067 1.0609386129186413 0.0 1.0609386129186777 3.0007875504696866 1.060938612918626 1.0609386129188352 2.1218772258372955 0.0 2.372330858440468 1.060938612918794 0.0 2.121877225837308 2.1218772258372756 2.3723308584404847 1.5003937752348673 2.372330858440389 4.374361963359889 2.1218772258372987 1.0609386129186535 2.3723308584405096 2.121877225837291 2.1218772258372915 4.37436196335992 4.374361963359867 4.374361963359896 2.1218772258372924 2.1218772258372818 2.1218772258373706 1.485314058086122 2.372330858440511 4.374361963359926 2.372330858440524 0.0 2.121877225837339 2.3723308584405096 2.121877225837307 2.1218772258373355 2.1218772258373275 2.121877225837321 1.0609386129184781 2.1218772258373026 2.1218772258372596 2.372330858440417 2.1218772258372827 2.3723308584404474 2.1218772258373026 2.121877225837323 2.1218772258373084 2.121877225837278 2.121877225837304 4.374361963359894 1.0609386129185567 4.3743619633598945 2.1218772258372898 1.500393775234854 2.37233085844038 2.1218772258372924 4.374361963359921 2.121877225837327 2.1218772258373595 4.374361963359911 2.1218772258373146 4.374361963359929 2.121877225837323 2.121877225837292 2.121877225837313 2.1218772258372756 1.5003937752350394 2.372330858440412 2.1218772258372818 1.0609386129185912 3.000787550469944 2.121877225837323 3.000787550469654 3.000787550469704 2.121877225837323 1.060938612918645 0.0 1.0609386129185878 1.060938612918471 2.1218772258373093 2.121877225837394 0.0 2.121877225837323 2.12187722583731 1.0609386129183085 2.1218772258372756
1670.0052461206074 2.121877225837443 1.0609386129186495 1.0609386129184 2.3723308584404035 4.374361963359897 2.121877225837346 4.374361963359877 1.060938612918668 1.0609386129182805 1.060938612918695 1.0609386129187932 2.1218772258373204 2.121877225837297 4.374361963359881 2.3723308584405367 0.0 1.0609386129183334 2.372330858440411 0.0 2.12187722583732 2.1218772258372844 2.121877225837292 4.374361963359861 2.1218772258373115 4.243754451674591 2.121877225837299 1.0609386129185174 2.121877225837324 2.121877225837263 0.0 4.374361963359897 3.0007875504697243 3.000787550469621 1.0609386129186582 2.1218772258373013 2.1218772258373337 2.3723308584404457 1.060938612918621 4.374361963359875 1.0609386129186746 1.0609386129185678 4.374361963359902 1.0609386129184812 6.365631677511936 2.121877225837283 1.5003937752348557 2.1218772258372964 0.0 1.5003937752347374 1.0609386129186835 1.0609386129185572 2.121877225837324 4.374361963360014 2.3723308584404306 2.372330858440351 1.0609386129186156 2.121877225837307 1.0609386129186202 1.0609386129184757 0.0 2.121877225837299 3.0007875504697115 2.1218772258374794 2.372330858440431 2.1218772258372858 2.3723308584404634 0.0 1.0609386129186635 0.0 2.1218772258373315 1.060938612918823 2.372330858440448 4.37436196335988 0.0 2.1218772258373293 0.0 1.0609386129184373 1.0609386129186609 1.0609386129182972 2.1218772258372702 2.12187722583727 4.374361963359916 3.0007875504697483 4.374361963359882 2.1218772258373235 2.372330858440424 1.0609386129187082 2.372330858440454 4.374361963359869 2.121877225837281 2.1218772258373013 1.0609386129186404 1.0609386129185876 0.0 2.1218772258374368 2.3723308584404306 4.374361963359915 4.374361963359871 1.0609386129189384 1.0609386129186724 2.1218772258376486 1.0609386129186675 1.0609386129187564 4.374361963359929 1.0609386129190592 1.0609386129186749 2.12187722583727 1.0609386129186813 0.0 1.0609386129186218 1.0609386129189553 2.1218772258373075 2.1218772258373164 1.06093861291871 2.1218772258372995 2.1218772258373124 1.0609386129188318 1.0609386129187035 2.121877225837106 1.5003937752349132 2.3723308584405274 2.3723308584404084 1.0609386129187595 1.5003937752348415 2.1218772258373546 4.374361963359868 2.121877225837291 0.0 2.1218772258373044 4.374361963359872 2.3723308584403417 4.37436196335986 2.121877225837336 2.3723308584404554 4.374361963359875 2.121877225837267 2.121877225837338 2.121877225837288 1.0609386129189173 4.37436196335987
1680.0052461206074 2.1218772258373013 2.1218772258372747 1.0609386129186231 4.374361963359834 2.3723308584405807 2.1218772258372827 4.374361963359916 4.374361963359885 2.3723308584404914 2.1218772258373626 2.1218772258372907 2.121877225837308 2.3723308584404417 4.37436196335986 2.121877225837215 4.374361963359857 4.374361963359803 2.3723308584404372 4.374361963359842 2.1218772258372764 2.372330858440333 2.3723308584404528 4.37436196335989 2.1218772258373373 4.744661716880911 2.121877225837336 0.0 1.500393775234873 4.374361963359929 3.0007875504697346 2.37233085844037 2.3723308584404315 2.1218772258372907 2.121877225837333 0.0 3.0007875504697172 3.000787550469761 2.1218772258373044 1.0609386129185097 3.0007875504697266 3.000787550469841 3.000787550469734 1.0609386129187004 2.372330858440448 1.0609386129185479 2.1218772258373044 1.0609386129189722 0.0 2.1218772258372964 2.1218772258373275 1.5003937752351177 2.121877225837305 2.1218772258373235 2.1218772258372978 1.5003937752350016 2.121877225837307 2.1218772258372964 2.1218772258372933 2.121877225837283 2.121877225837254 2.1218772258371152 2.121877225837263 1.0609386129186935 2.372330858440431 1.500393775234822 1.0609386129186333 2.1218772258373075 4.374361963359862 2.3723308584405123 4.37436196335989 2.1218772258372915 3.000787550469743 2.372330858440437 2.121877225837292 2.1218772258373084 2.372330858440413 1.4853140580860964 2.1218772258372565 2.1218772258373098 2.121877225837347 2.1218772258373333 1.4853140580861075 4.374361963359915 2.1218772258373217 2.121877225837634 4.374361963359864 1.0609386129187492 2.121877225837309 1.0609386129185499 1.0609386129186795 1.0609386129185043 2.1218772258373253 4.374361963359882 2.1218772258373146 1.5003937752349186 2.372330858440409 2.372330858440535 2.3723308584404754 2.12187722583729 0.0 2.121877225837282 1.0609386129186444 1.060938612918758 4.37436196335992 1.0609386129186746 2.1218772258373177 1.0609386129186065 1.060938612918608 1.0609386129187428 2.1218772258373066 2.1218772258372542 1.06093861291863 1.0609386129189926 3.0007875504696986 1.060938612918542 2.3723308584404617 2.121877225837284 2.1218772258372884 1.0609386129186982 2.121877225837275 2.372330858440373 2.3723308584404514 2.1218772258373066 1.0609386129186655 1.0609386129183724 1.06093861291865 1.0609386129187863 0.0 0.0 1.0609386129186087 0.0 1.060938612918695 2.1218772258372844 2.121877225837286 2.3723308584403275 4.374361963359875 4.374361963359885 4.374361963359883 2.1218772258372587 2.1218772258373133
1690.0052461206074 2.1218772258372898 3.0007875504697235 1.0609386129184246 2.372330858440473 1.0609386129182599 1.060938612918664 1.0609386129186476 2.121877225837304 1.0609386129183482 1.0609386129186318 2.121877225837142 1.060938612918624 4.374361963359878 1.0609386129186404 2.372330858440325 2.121877225837323 1.060938612918846 4.374361963359889 2.1218772258373346 1.0609386129186438 2.1218772258371055 2.1218772258373226 0.0 2.121877225837286 2.1218772258372978 0.0 1.0609386129186005 1.0609386129186937 4.374361963359843 2.1218772258373058 2.121877225837299 2.1218772258373355 1.0609386129186948 1.0609386129186393 2.121877225837333 4.374361963359863 2.1218772258373138 4.374361963359857 2.1218772258371956 3.0007875504696724 1.0609386129186655 2.3723308584404337 2.372330858440329 2.1218772258372955 2.1218772258373186 1.0609386129186356 1.0609386129182947 2.121877225837283 2.1218772258372702 1.0609386129186658 0.0 1.0609386129186356 1.0609386129185692 3.000787550469697 1.0609386129182565 1.060938612918682 2.121877225837305 2.121877225837255 2.1218772258373044 2.1218772258372764 2.372330858440396 2.3723308584404763 4.374361963359921 0.0 2.372330858440461 2.1218772258373466 2.121877225837319 2.121877225837308 2.372330858440458 1.0609386129186729 2.1218772258373018 2.372330858440454 4.374361963359949 6.365631677511896 2.1218772258373115 2.121877225837355 4.374361963359816 2.372330858440411 2.1218772258372973 2.12187722583727 2.121877225837299 4.374361963359888 2.372330858440367 1.0609386129186178 2.3723308584403693 4.374361963359893 2.1218772258373186 4.374361963359911 4.374361963359914 2.121877225837331 2.1218772258372893 1.0609386129186635 2.1218772258372978 2.1218772258373377 2.121877225837303 4.374361963359893 2.3723308584404914 4.374361963359898 1.0609386129186071 4.374361963359928 2.372330858440513 2.121877225837266 1.0609386129187555 0.0 2.1218772258373337 2.121877225837294 4.37436196335982 2.1218772258372938 2.372330858440454 1.0609386129186806 2.121877225837325 4.37436196335986 0.0 4.374361963359915 2.121877225837287 4.374361963359888 4.374361963359879 2.121877225837324 4.374361963359939 4.374361963359926 4.374361963359959 2.1218772258372987 2.121877225837288 2.121877225837319 2.12187722583728 2.1218772258373257 2.121877225837316 2.372330858440439 4.3743619633598865 1.5003937752348315 2.3723308584403338 1.0609386129186489 4.374361963359908 4.3743619633599184 2.372330858440527 2.3723308584404523 2.372330858440391 2.121877225837283 1.0609386129187968 2.121877225837333
1700.0052461206074 4.374361963359907 1.0609386129186966 1.0609386129185496 2.3723308584404252 2.121877225837301 2.121877225837282 2.3723308584403386 2.3723308584404785 1.0609386129187517 1.06093861291864 1.5003937752348246 1.0609386129186487 2.1218772258373666 1.0609386129186682 3.000787550469679 4.3743619633598705 4.374361963359792 4.3743619633599025 2.121877225837328 1.0609386129186062 2.121877225837178 1.0609386129186813 2.121877225837099 1.5003937752348888 4.243754451674641 2.3723308584404204 4.374361963359935 2.1218772258373457 2.1218772258372933 4.24375445167463 2.3723308584404434 2.121877225837289 1.0609386129187173 2.121877225837306 1.0609386129183218 1.0609386129186755 4.3743619633598545 0.0 1.5003937752349783 1.0609386129186638 1.0609386129188239 2.12187722583728 1.0609386129188296 1.5003937752348513 2.1218772258373173 2.121877225837351 2.1218772258372955 2.3723308584404683 4.37436196335995 2.121877225837297 0.0 1.0609386129186544 2.121877225837442 3.0007875504696973 2.1218772258372933 4.3743619633598385 1.060938612918682 4.374361963359868 2.1218772258373058 4.374361963359901 4.374361963359766 2.3723308584404124 1.5003937752348764 4.374361963359864 2.1218772258374243 1.0609386129186755 1.0609386129184062 1.5003937752348777 4.374361963359861 2.1218772258372702 0.0 2.3723308584404053 2.1218772258372964 1.060938612918638 1.0609386129184533 3.0007875504696795 3.0007875504695347 1.060938612918659 1.060938612918321 2.1218772258372978 2.121877225837326 0.7426570290430156 0.0 2.1218772258372836 2.1218772258373066 2.3723308584404452 3.000787550469801 2.3723308584404315 1.0609386129187084 2.121877225837315 4.374361963359863 2.121877225837311 2.121877225837324 2.12187722583731 1.0609386129186398 2.1218772258373124 2.121877225837446 2.121877225837276 3.000787550469794 2.1218772258372893 2.3723308584404097 2.121877225837338 2.121877225837306 0.0 1.0609386129186331 1.0609386129186684 1.0609386129185039 2.1218772258373226 0.0 2.121877225837285 3.0007875504696613 1.0609386129186225 2.3723308584403497 4.374361963359883 2.1218772258373235 1.060938612918636 1.0609386129186351 1.0609386129186436 3.000787550469722 2.1218772258372707 4.374361963360007 2.3723308584404537 2.121877225837311 1.0609386129187106 1.060938612918353 1.0609386129186316 2.12187722583754 2.3723308584404714 3.0007875504696444 2.121877225837302 2.3723308584404177 1.060938612918688 4.37436196336003 1.06093861291864 2.1218772258371166 2.3723308584404275 2.121877225837313 3.3549824744426937 2.121877225837651 2.121877225837286
1710.0052461206074 0.0 2.1218772258372716 2.121877225837327 2.3723308584405034 4.374361963359863 2.1218772258373075 4.374361963359866 2.3723308584404714 1.060938612918964 1.0609386129186955 2.1218772258372858 4.374361963359884 4.374361963359867 1.0609386129186504 2.1218772258372987 2.1218772258372907 1.500393775235059 4.374361963359898 2.121877225837289 2.1218772258373058 4.374361963360043 4.374361963359863 1.5003937752347771 2.121877225837279 3.000787550469804 2.1218772258373244 1.0609386129187979 1.0609386129186116 2.121877225837303 2.121877225837298 2.1218772258372924 2.3723308584404514 2.1218772258373013 1.0609386129186205 2.121877225837359 2.121877225837303 2.1218772258373266 2.121877225837327 2.1218772258372987 1.0609386129186662 1.06093861291849 2.372330858440402 0.0 3.0007875504697323 3.354982474442663 1.0609386129186742 2.121877225837348 2.3723308584404195 2.1218772258372804 2.121877225837313 2.1218772258373155 2.121877225837279 1.5003937752347556 1.060938612918692 2.3723308584403893 1.060938612918712 2.121877225837307 1.0609386129186495 1.0609386129184513 1.060938612918612 0.0 3.354982474442661 1.5003937752347585 2.372330858440444 2.3723308584403626 4.374361963359856 2.121877225837315 2.1218772258372716 4.3743619633599335 1.0609386129186684 2.1218772258373146 3.0007875504697243 2.1218772258372884 1.0609386129186344 0.0 0.0 0.7426570290434106 2.1218772258372733 1.0609386129189555 2.121877225837291 2.1218772258373 4.374361963359888 2.372330858440473 0.0 2.1218772258372414 6.365631677511904 2.1218772258373026 3.0007875504696955 0.0 1.060938612918639 1.060938612918458 2.12187722583732 1.0609386129185854 1.9126342844988977 1.0609386129188345 2.3723308584404186 4.374361963359917 2.3723308584404665 2.121877225837311 1.0609386129186755 4.3743619633598545 2.3723308584404452 2.121877225837311 1.060938612918641 2.121877225837303 1.0609386129186669 1.0609386129186273 2.1218772258372978 2.3723308584402574 1.060938612918678 2.1218772258370993 1.5003937752348364 4.374361963359998 4.374361963359896 2.1218772258372867 4.374361963359894 4.374361963359921 2.1218772258372876 2.1218772258373257 4.374361963359876 0.0 2.121877225837281 1.0609386129186535 1.5003937752348842 1.0609386129187888 2.372330858440447 2.121877225837295 0.0 2.121877225837444 0.0 2.1218772258373115 2.121877225837299 1.0609386129182605 1.0609386129186706 2.1218772258373164 2.1218772258373297 2.121877225837277 4.374361963359881 2.12187722583727 1.0609386129186156
1720.0052461206074 0.0 2.121877225837315 1.0609386129182679 2.3723308584403875 1.0609386129186837 2.121877225837307 2.3723308584404674 2.372330858440457 2.12187722583733 2.121877225837295 3.1828158387559213 1.0609386129186391 0.0 1.0609386129186216 0.0 1.0609386129186593 1.0609386129183898 0.0 1.0609386129183458 2.1218772258372867 3.0007875504697465 2.1218772258372818 1.500393775234972 2.3723308584404323 3.0007875504697683 4.374361963359887 2.1218772258373053 1.0609386129186416 2.1218772258373084 2.121877225837318 2.1218772258372924 0.0 3.000787550469662 1.0609386129186171 2.121877225837252 2.121877225837302 1.060938612918478 1.060938612918651 2.3723308584404945 4.374361963359911 2.121877225837319 4.37436196335989 2.3723308584403617 2.1218772258372933 1.0609386129188525 3.0007875504697075 1.0609386129188854 0.0 1.500393775234798 1.0609386129186293 3.0007875504697963 2.1218772258372907 2.121877225837691 1.5003937752348413 4.37436196335983 2.1218772258372733 1.0609386129185054 4.374361963359927 2.1218772258373035 4.37436196335992 0.0 4.374361963359907 2.1218772258372987 2.372330858440442 2.3723308584404763 2.121877225837329 2.1218772258373075 1.0609386129186562 4.374361963359737 1.0609386129186456 1.0609386129185159 1.5003937752348773 0.0 1.0609386129186709 1.0609386129187361 2.372330858440424 0.7426570290426672 2.121877225837275 2.121877225837292 2.121877225837358 2.1218772258373013 4.374361963359876 2.372330858440346 1.0609386129186105 2.121877225837252 2.121877225837329 1.0609386129184921 3.0007875504697337 1.0609386129186975 1.0609386129187055 2.1218772258372827 2.121877225837343 1.0609386129186595 6.365631677511907 4.374361963359944 4.374361963359909 2.3723308584403724 4.374361963359881 2.1218772258372733 2.121877225837308 1.0609386129182519 3.000787550469694 0.0 2.121877225837288 2.121877225837369 2.12187722583728 1.0609386129186964 2.372330858440456 1.0609386129187328 4.374361963359848 2.372330858440385 2.121877225837308 2.3723308584403595 2.3723308584404226 4.374361963359915 2.121877225837308 3.0007875504696857 1.0609386129185991 1.0609386129186924 1.0609386129186718 2.121877225837645 0.0 1.0609386129190417 2.121877225837275 2.1218772258373075 2.3723308584404594 2.1218772258372782 2.12187722583731 2.3723308584403644 4.374361963359888 2.372330858440358 2.1218772258372804 1.0609386129188847 0.0 2.1218772258371272 2.3723308584404394 1.0609386129190552 3.3549824744427 2.1218772258373715 4.374361963359879
1730.0052461206074 2.1218772258372973 1.060938612918645 1.0609386129187675 2.121877225837269 2.121877225837302 2.121877225837303 2.1218772258372067 4.374361963359864 4.374361963359916 1.060938612918612 1.0609386129185625 1.5003937752348897 2.121877225837479 1.0609386129186567 4.374361963359884 1.5003937752348662 4.374361963359884 2.121877225837328 1.060938612918772 2.12187722583732 4.374361963359711 1.0609386129186653 2.121877225837323 2.3723308584404172 2.121877225837302 2.1218772258373217 1.0609386129188225 1.0609386129186216 2.1218772258372964 2.121877225837321 2.3723308584403484 1.0609386129186482 1.0609386129186522 4.374361963359861 1.0609386129186227 1.060938612918641 0.0 2.1218772258373106 2.372330858440536 1.0609386129186493 1.0609386129188303 2.3723308584404035 2.1218772258372938 2.121877225837312 2.1218772258372893 4.374361963359887 2.12187722583734 2.1218772258373018 2.1218772258373053 2.1218772258373475 4.374361963359913 2.121877225837321 1.0609386129185234 3.0007875504697172 1.5003937752345722 2.1218772258373044 1.06093861291876 4.374361963359882 2.1218772258372978 4.3743619633598545 2.372330858440459 2.121877225837316 2.3723308584404545 2.372330858440445 0.0 1.06093861291866 1.0609386129185472 2.121877225837302 2.372330858440514 1.0609386129186378 1.0609386129188292 0.0 4.374361963359911 1.0609386129186635 1.5003937752347372 2.3723308584404754 2.372330858440299 2.121877225837331 1.0609386129186082 2.1218772258373244 2.121877225837295 0.7426570290430097 2.121877225837316 1.0609386129186165 2.1218772258374643 2.3723308584404292 1.0609386129189176 2.37233085844047 4.374361963359842 1.0609386129185916 1.5003937752348633 1.500393775234835 1.5003937752348722 4.374361963359875 4.374361963359935 2.37233085844046 0.0 2.121877225837315 2.1218772258372374 1.060938612918674 2.1218772258373626 2.121877225837258 2.121877225837312 3.000787550469733 3.0007875504695827 2.1218772258373435 2.121877225837304 0.0 1.500393775234718 3.0007875504697146 2.3723308584404963 0.0 0.0 6.365631677511892 2.1218772258372898 1.0609386129186449 1.5003937752347716 2.1218772258372995 2.1218772258372973 2.1218772258373426 4.374361963359699 4.374361963359877 1.500393775234845 2.1218772258372995 2.1218772258373244 2.1218772258372756 1.0609386129188714 2.3723308584403964 0.0 1.0609386129186436 2.121877225837216 0.0 2.1218772258372995 0.0 0.0 4.374361963359899 2.1218772258372716 3.1828158387559653 1.0609386129188008 2.121877225837307
1740.0052461206074 2.3723308584403937 2.1218772258372898 2.1218772258372898 0.0 2.1218772258372725 1.060938612918635 2.1218772258372995 2.121877225837288 1.0609386129189777 1.0609386129186356 2.121877225837306 1.5003937752348568 2.121877225837299 1.0609386129186449 2.3723308584403697 1.0609386129186713 2.1218772258373044 2.3723308584404528 2.121877225837236 4.374361963359883 2.1218772258374474 1.0609386129186655 3.0007875504694432 2.121877225837306 2.1218772258373138 2.372330858440424 3.0007875504696986 2.1218772258373075 0.0 2.1218772258373058 2.372330858440454 3.354982474442669 2.121877225837303 2.3723308584404377 1.0609386129188958 2.121877225837315 2.1218772258374927 1.0609386129186567 4.374361963359833 1.0609386129186313 1.5003937752347516 0.0 1.5003937752348775 2.1218772258373 1.500393775234847 2.1218772258372782 0.0 4.374361963359899 2.1218772258373115 1.0609386129186453 1.5003937752347951 1.0609386129186735 2.372330858440325 4.374361963359914 2.1218772258376144 1.5003937752348617 2.121877225837312 1.0609386129186558 2.1218772258373044 2.121877225837291 2.3723308584404297 2.3723308584404164 2.121877225837307 2.372330858440424 2.3723308584404315 1.060938612918636 2.1218772258372867 1.060938612918642 0.0 2.121877225837252 1.060938612918831 2.1218772258373226 2.1218772258373044 3.0007875504697026 1.5003937752347418 4.374361963359896 3.0007875504698744 2.3723308584404337 2.121877225837223 2.121877225837275 2.1218772258372995 1.4853140580861197 3.000787550469675 1.0609386129186507 2.1218772258372267 0.0 2.121877225837363 3.0007875504696906 2.1218772258373093 2.1218772258373555 2.121877225837317 2.121877225837325 1.060938612918572 1.0609386129186356 2.1218772258373093 0.0 2.3723308584404665 4.37436196335988 3.0007875504698505 4.374361963359926 0.0 1.0609386129186495 4.374361963359914 2.1218772258373138 1.0609386129186935 2.121877225837331 1.0609386129188123 3.0007875504696924 1.5003937752349576 1.0609386129186424 0.0 2.121877225837289 0.0 1.0609386129186138 4.374361963359907 0.0 2.121877225837309 2.121877225837302 3.000787550469796 2.121877225837299 2.1218772258370833 0.0 2.121877225837304 1.0609386129186824 2.121877225837347 4.374361963359905 2.121877225837318 2.121877225837306 2.3723308584405034 1.0609386129186362 2.3723308584404115 1.0609386129186276 2.1218772258373364 2.3723308584404705 2.121877225837298 4.374361963359888 1.0609386129185852 4.374361963359907 1.0609386129185603 2.3723308584404594
1750.0052461206074 2.1218772258372964 2.1218772258373435 2.121877225837351 1.0609386129186102 2.121877225837411 1.0609386129186544 2.1218772258373004 2.1218772258373257 1.0609386129186953 1.060938612918679 1.5003937752347813 1.060938612918639 2.1218772258374474 1.0609386129186413 2.3723308584405016 4.3743619633599 1.060938612918594 2.3723308584404004 1.0609386129187086 2.1218772258372582 0.0 2.1218772258373195 0.0 1.5003937752348766 2.1218772258373 2.121877225837283 2.1218772258372978 1.0609386129186764 2.121877225837208 0.0 2.3723308584404235 2.1218772258372898 1.0609386129188172 2.1218772258372978 2.121877225837318 3.000787550469716 2.1218772258373955 4.37436196335988 2.121877225837435 1.0609386129186695 2.121877225837307 2.121877225837262 1.500393775234945 2.3723308584404235 1.0609386129187055 2.121877225837296 1.0609386129185918 2.121877225837302 2.121877225837299 1.060938612918624 4.374361963359889 1.0609386129186869 6.365631677511951 3.0007875504697363 4.374361963359902 1.5003937752348244 0.0 2.1218772258373315 1.0609386129188252 1.5003937752348813 2.1218772258370553 2.1218772258373333 2.372330858440482 2.372330858440456 2.372330858440413 1.0609386129186784 2.1218772258373386 2.1218772258372973 4.374361963359988 1.0609386129186504 2.121877225837315 4.374361963359904 2.121877225837247 2.1218772258372987 2.121877225837331 3.0007875504696933 0.7426570290429779 1.060938612918641 2.1218772258373773 2.1218772258372898 2.1218772258372964 2.1218772258372938 4.3743619633597985 2.1218772258373244 2.121877225837366 2.121877225837299 1.0609386129190268 2.121877225837296 2.1218772258373075 1.0609386129186882 2.121877225837315 2.121877225837291 2.1218772258373026 1.5003937752348668 2.1218772258372893 2.121877225837323 2.1218772258374954 2.3723308584404057 2.1218772258372254 2.3723308584404172 1.0609386129187774 1.5003937752348542 3.0007875504697292 2.1218772258373164 1.0609386129190208 1.0609386129186742 1.060938612918499 2.372330858440427 0.0 1.0609386129186922 3.0007875504695107 2.1218772258373244 2.3723308584403884 1.0609386129186449 2.3723308584404004 2.121877225837343 2.1218772258372955 1.0609386129187115 4.374361963359857 2.1218772258372804 0.0 2.372330858440444 1.0609386129184624 2.1218772258373164 1.0609386129188172 2.372330858440468 2.121877225837204 1.0609386129186513 2.1218772258374385 1.0609386129186427 4.3743619633599184 2.121877225837307 2.1218772258373715 2.1218772258372605 2.3723308584404132 2.372330858440453 1.0609386129190173 2.121877225837333 0.0 2.3723308584404434
1760.0052461206074 1.0609386129185432 3.0007875504697274 1.060938612919048 1.0609386129186262 1.0609386129186686 1.0609386129186549 1.0609386129187979 2.121877225837294 1.0609386129187932 1.0609386129186331 1.0609386129188279 2.121877225837358 0.0 2.121877225837328 2.3723308584405154 4.374361963359856 2.1218772258373853 2.3723308584404283 4.374361963359939 2.1218772258372827 2.3723308584404577 2.1218772258373164 0.0 2.3723308584404554 2.3723308584405234 2.372330858440435 2.1218772258373333 2.121877225837359 1.0609386129188012 2.1218772258373164 2.3723308584404683 2.1218772258373075 1.0609386129185148 2.1218772258372782 1.060938612918903 4.374361963359896 1.5003937752348764 2.372330858440426 2.1218772258373018 4.374361963359886 4.37436196335983 1.0609386129186376 2.121877225837325 0.0 1.0609386129186558 4.374361963359887 1.060938612918341 1.0609386129186436 1.0609386129187282 1.0609386129186673 2.121877225837521 1.060938612918603 1.0609386129183496 1.0609386129186762 1.0609386129186986 0.0 1.060938612918803 1.0609386129186544 1.0609386129185716 4.374361963359857 2.3723308584403973 1.5003937752348606 4.374361963359911 2.3723308584404634 0.0 4.374361963359902 2.121877225837302 2.1218772258373235 2.3723308584404723 2.121877225837258 2.1218772258372844 4.3743619633598945 2.3723308584404075 2.1218772258372747 2.1218772258372853 0.0 2.1218772258372285 2.121877225837356 1.0609386129185254 1.0609386129186706 1.0609386129188103 2.3723308584404235 0.0 2.121877225837255 2.121877225837437 2.3723308584404585 1.0609386129188507 1.0609386129186857 2.1218772258372938 1.0609386129186391 1.060938612918625 1.0609386129186489 1.0609386129187026 2.1218772258373275 1.060938612918549 2.121877225837276 2.1218772258372742 2.121877225837299 1.0609386129185259 1.0609386129186376 1.0609386129183793 2.1218772258373564 1.0609386129187195 4.374361963359901 1.0609386129183702 1.06093861291862 1.0609386129187623 2.3723308584404292 2.1218772258373697 1.0609386129186478 2.121877225837272 2.1218772258372707 4.374361963359935 2.121877225837327 2.1218772258372947 2.3723308584404315 2.121877225837314 2.1218772258373075 2.121877225837304 2.121877225837288 4.374361963359679 4.374361963359917 2.1218772258372987 1.500393775234837 2.1218772258372463 6.36563167751192 2.121877225837402 1.0609386129186056 2.3723308584404474 2.1218772258373404 4.374361963359828 1.0609386129186007 2.37233085844045 2.3723308584404146 0.0 4.37436196335988 2.1218772258372622 4.374361963359891 2.121877225837289 2.1218772258372964
1770.0052461206074 2.121877225837307 2.1218772258373084 1.0609386129184275 2.1218772258372978 2.1218772258373084 2.1218772258372773 2.121877225837252 1.0609386129186178 1.0609386129185365 2.1218772258372844 2.121877225837223 2.121877225837312 2.3723308584404594 1.0609386129186489 4.37436196335991 0.0 1.0609386129187934 2.1218772258373075 1.060938612918346 4.374361963359854 2.372330858440507 4.3743619633598465 2.121877225837157 2.1218772258372907 2.121877225837303 4.374361963359918 2.121877225837325 1.0609386129186535 3.0007875504696733 2.121877225837279 2.372330858440394 2.372330858440456 2.1218772258372747 1.0609386129186458 1.060938612919015 2.1218772258373124 1.060938612918849 1.5003937752348304 2.121877225837313 2.1218772258373195 2.3723308584403875 2.121877225837289 1.0609386129187104 3.0007875504697394 2.1218772258373395 2.121877225837306 2.121877225837273 2.372330858440416 1.0609386129188423 1.0609386129186755 1.0609386129188019 1.0609386129186806 1.0609386129189302 2.121877225837299 2.1218772258372036 2.121877225837305 2.121877225837327 1.0609386129186553 1.06093861291848 4.374361963359866 2.3723308584404608 1.0609386129186855 4.374361963359872 2.372330858440454 2.121877225837314 2.1218772258372995 2.1218772258372245 4.374361963359936 2.372330858440468 1.060938612918645 1.0609386129184917 2.121877225837323 2.1218772258371614 3.0007875504697132 1.060938612918659 2.3723308584404204 1.4853140580861677 0.0 2.1218772258372693 1.0609386129186382 0.0 2.1218772258372955 4.3743619633600925 3.000787550469718 2.121877225837387 2.3723308584404585 2.1218772258375567 1.0609386129186689 3.0007875504697292 1.0609386129186376 2.121877225837309 1.060938612918634 1.0609386129187395 2.1218772258373306 1.5003937752347347 4.374361963359909 0.0 0.0 3.0007875504697625 1.5003937752348835 1.0609386129188905 4.374361963359897 2.1218772258372893 2.3723308584404514 2.1218772258373897 1.0609386129186555 1.0609386129185383 2.1218772258373337 3.3549824744428673 2.121877225837293 4.374361963359942 4.374361963359856 0.0 3.0007875504696724 0.0 4.374361963359932 1.0609386129188494 2.121877225837314 2.121877225837281 2.121877225837317 1.5003937752351668 0.0 1.0609386129185288 2.12187722583727 2.1218772258373986 0.0 1.0609386129184617 2.1218772258373244 2.121877225837287 4.374361963359917 4.374361963359868 2.121877225837289 2.3723308584404315 0.0 3.0007875504697736 1.0609386129186762 1.0609386129189124 2.121877225837277 2.121877225837224 2.3723308584404355
1780.0052461206074 2.121877225837296 1.0609386129186544 1.060938612918807 1.0609386129186495 2.12187722583728 2.121877225837342 4.374361963359826 2.1218772258372844 2.1218772258372387 1.0609386129186156 1.0609386129184406 1.0609386129186793 2.372330858440414 4.374361963359909 2.1218772258373813 4.374361963359878 2.372330858440419 3.000787550469724 1.0609386129187535 1.0609386129186762 2.1218772258371215 2.1218772258373337 2.3723308584404315 4.374361963359891 4.374361963359937 0.0 1.0609386129184644 1.0609386129186191 4.243754451674622 4.243754451674619 2.3723308584404013 2.121877225837303 4.374361963359904 2.121877225837312 2.121877225837227 4.374361963359938 0.0 4.374361963359869 1.0609386129184766 4.374361963359891 2.3723308584404843 2.121877225837301 2.121877225837299 3.000787550469711 1.0609386129188167 2.1218772258373013 2.121877225837357 2.1218772258373044 4.374361963359865 1.0609386129186755 1.0609386129189327 3.0007875504697283 1.0609386129187321 4.374361963359898 1.5003937752345413 4.374361963359876 2.121877225837247 1.0609386129186684 1.060938612918703 0.0 2.1218772258373972 1.0609386129186433 3.0007875504696466 2.12187722583728 2.1218772258373098 4.37436196335987 2.121877225837226 2.121877225837282 0.0 1.0609386129186562 1.060938612918757 3.0007875504697483 2.372330858440416 2.1218772258372898 4.374361963359896 1.5003937752348617 4.374361963359948 1.0609386129186555 1.0609386129183278 1.0609386129186964 1.06093861291863 2.3723308584404443 2.1218772258374488 3.000787550469736 2.1218772258371734 0.0 2.1218772258370278 1.060938612918609 1.0609386129185023 2.1218772258373506 4.374361963359894 2.121877225837285 2.1218772258373355 2.1218772258372978 1.0609386129184761 1.060938612918608 0.0 2.372330858440467 2.1218772258373355 2.1218772258373084 2.1218772258373 2.1218772258373324 2.1218772258373293 2.1218772258373106 2.121877225837155 2.121877225837319 0.0 2.372330858440416 4.3743619633599655 2.3723308584404363 1.0609386129188034 1.0609386129186555 1.060938612918733 2.121877225837328 1.5003937752349534 2.372330858440402 2.12187722583732 1.0609386129186769 1.0609386129187668 0.0 2.121877225837436 2.3723308584404412 2.1218772258372747 2.1218772258372827 2.1218772258372307 0.0 2.121877225837427 1.0609386129186542 1.0609386129187814 4.374361963359872 0.0 1.060938612918622 2.372330858440414 0.0 2.121877225837275 2.1218772258373355 1.0609386129188396 1.5003937752348546 1.060938612918399 6.365631677511921
1790.0052461206074 1.060938612918763 1.0609386129186276 2.1218772258374234 1.0609386129186658 2.121877225837271 4.374361963359882 2.121877225837343 2.121877225837294 1.500393775234489 1.0609386129186402 2.1218772258371703 2.1218772258373386 3.0007875504696075 4.374361963359873 0.0 2.121877225837328 2.3723308584404554 2.1218772258373186 1.0609386129185256 2.1218772258373106 3.000787550469738 1.0609386129186884 4.374361963359887 2.1218772258372787 2.3723308584403946 4.374361963359917 1.0609386129187728 2.121877225837315 2.1218772258372827 0.0 2.1218772258374123 1.0609386129186036 1.060938612918688 2.1218772258373098 1.0609386129184695 1.0609386129186547 4.374361963359909 4.374361963359851 1.060938612918536 3.0007875504697568 3.0007875504697448 0.0 4.374361963359886 4.3743619633599 2.121877225837303 2.1218772258373266 1.0609386129187541 3.000787550469672 1.0609386129186185 4.374361963359926 2.1218772258373164 2.121877225837299 2.1218772258373537 1.0609386129186356 1.0609386129189384 1.0609386129186338 1.0609386129185183 2.121877225837267 2.121877225837268 2.1218772258373035 1.0609386129183085 2.121877225837292 1.5003937752347065 0.0 2.121877225837299 0.0 1.0609386129183902 1.0609386129186344 2.121877225837199 2.1218772258373155 2.121877225837324 2.1218772258373346 2.6523465322967064 1.0609386129186291 1.060938612918572 1.0609386129186542 0.7426570290427615 2.121877225837297 2.121877225837393 2.1218772258373013 2.1218772258373195 2.372330858440446 2.121877225837246 4.374361963359848 1.0609386129186946 4.374361963359888 2.121877225837366 2.121877225837298 2.12187722583732 1.0609386129186629 1.0609386129186704 1.0609386129186822 2.121877225837365 1.060938612918655 2.121877225837353 2.12187722583731 2.121877225837327 2.6523465322966393 2.1218772258372023 4.3743619633598705 2.1218772258373737 2.121877225837296 1.0609386129187097 0.0 1.060938612918369 1.0609386129186695 2.1218772258372747 2.3723308584404355 4.374361963359944 1.0609386129186476 2.1218772258373613 1.0609386129186502 1.060938612918588 4.374361963359912 1.0609386129185157 4.374361963359873 1.0609386129185723 1.0609386129186495 1.0609386129188416 2.3723308584404625 2.372330858440446 2.372330858440466 2.121877225837292 2.1218772258373093 2.121877225837383 3.000787550469732 1.060938612918867 2.12187722583727 2.1218772258373266 2.1218772258372685 2.372330858440445 1.060938612918622 2.1218772258373693 3.0007875504697434 2.1218772258371876 1.0609386129186553 1.0609386129185259 2.121877225837298 2.1218772258372747 2.121877225837291
1800.0052461206074 4.3743619633599495 2.12187722583731 2.121877225837217 2.121877225837295 2.1218772258373524 2.1218772258373275 4.374361963359882 2.121877225837318 4.374361963359952 4.374361963359904 2.1218772258374075 1.060938612918639 2.3723308584404537 1.060938612918644 4.3743619633598225 3.00078755046967 2.1218772258373417 1.0609386129186036 1.0609386129185776 3.0007875504697146 2.1218772258375704 2.1218772258373177 0.0 1.060938612918643 2.1218772258371876 2.1218772258373146 1.0609386129185472 1.0609386129186378 4.374361963359908 2.121877225837328 4.374361963359848 2.372330858440448 1.500393775234893 2.1218772258372844 2.1218772258371383 1.0609386129186493 2.121877225837347 2.121877225837327 1.0609386129186589 1.500393775234849 2.1218772258372924 2.1218772258372978 4.374361963359893 2.121877225837334 1.0609386129185916 3.0007875504697035 1.0609386129186706 2.37233085844045 1.0609386129184721 1.0609386129186646 2.121877225837233 1.0609386129186669 1.0609386129189984 3.000787550469718 1.0609386129187284 1.0609386129186873 2.1218772258372267 3.0007875504697057 2.1218772258372782 2.1218772258372693 2.1218772258374483 1.0609386129186076 2.121877225837487 2.3723308584404195 0.0 2.1218772258372973 1.0609386129182719 1.06093861291864 2.12187722583747 1.5003937752348866 1.0609386129185878 2.372330858440447 2.121877225837257 1.0609386129186567 1.0609386129185827 2.121877225837277 0.7426570290427615 4.374361963359906 2.1218772258373213 2.1218772258373 4.243754451674583 0.0 2.1218772258372955 1.060938612918659 4.374361963359935 4.37436196335989 2.121877225837203 4.374361963359883 2.121877225837279 1.0609386129186538 2.1218772258373355 2.1218772258372844 1.0609386129184977 1.0609386129186098 2.1218772258371223 2.372330858440458 0.0 3.0007875504697408 1.060938612918812 1.060938612918614 1.0609386129188214 1.0609386129186136 1.0609386129187528 2.121877225837315 2.1218772258374523 1.0609386129186176 2.121877225837335 1.0609386129186131 2.3723308584404594 2.121877225837287 2.12187722583744 1.5003937752348453 2.1218772258370966 2.121877225837311 1.5003937752349041 1.5003937752348222 2.1218772258373346 2.121877225837291 0.0 4.374361963359904 2.3723308584404332 4.374361963359907 2.1218772258373146 2.1218772258373044 2.121877225837198 2.372330858440419 4.37436196335984 2.1218772258373133 1.0609386129186853 1.0609386129186422 2.3723308584404132 2.1218772258373084 2.372330858440433 4.374361963359939 2.372330858440431 4.3743619633598705 1.0609386129185232 2.121877225837315 1.0609386129188838 0.0
#####################################################################
# End of data export. Simulation finished at: 2024-06-12T10:23+0000 #
#####################################################################
